0
0.22589
0.40499
0.94878
1.2003
1.0131
1.0711
1.3399
1.0951
1.156
0.76273
0.58541
0.33168
0.47948
-0.012425
-0.030311
-0.16538
-0.26966
-0.80674
-0.65856
-0.72838
-0.98878
-0.70696
-1.3048
-0.67524
-0.83562
-0.93067
-0.42995
-0.14075
-0.07594
-0.066185
0.21489
0.63616
0.33796
0.53025
0.79912
0.93966
0.84311
0.84303
1.1086
0.44097
1.1755
0.34144
0.50638
-0.15502
-0.1091
-0.24741
-0.41164
-0.81612
-1.0207
-0.98227
-0.83696
-0.88715
-0.82289
-0.96715
-0.38652
-0.74743
-0.49219
-0.60886
-0.03373
0.10981
0.031759
0.48161
0.5744
0.56818
0.69484
1.0759
0.89844
0.86674
0.89642
0.59682
0.62543
0.20333
0.36407
0.091694
-0.1792
-0.33521
-0.39071
-0.85382
-0.71722
-0.90014
-0.6628
-0.81104
-0.47814
-0.67138
-0.51864
-0.52977
-0.046146
-0.55752
-0.26018
-0.085245
0.37322
0.17469
0.44005
0.7747
0.99565
0.69423
0.76109
0.73871
0.37803
0.093463
0.27692
0.24509
0.15595
0.038423
-0.29232
-0.42669
-0.19359
-0.32863
-0.32532
-0.47374
-0.64152
-0.72231
-0.52325
-0.78297
-0.60632
-0.47406
-0.33151
-0.53659
0.055638
0.14265
0.48019
0.58963
0.51043
0.55019
0.56829
0.42124
0.5175
0.31814
0.28248
0.076616
-0.081879
-0.095589
0.078158
0.4146
-0.0043568
0.33498
0.39947
-0.29453
-0.26892
-0.77662
-0.8439
-0.82494
-0.4892
-0.79719
-0.6177
-0.45934
0.2799
0.33676
0.59275
0.75234
0.19896
0.29039
0.0039429
0.15809
-0.43197
-0.31723
-0.055048
0.21784
0.29062
0.48826
0.69855
0.94182
0.75613
0.51322
0.40957
-0.53325
-0.42518
-0.73773
-0.94407
-0.99488
-1.0356
-0.42991
0.21997
0.031578
0.42345
0.81867
0.52055
0.12734
-0.20923
-0.24098
-0.39565
-0.52974
-0.79982
-0.45967
0.19976
0.42453
0.88215
1.3109
1.1097
1.0346
0.91169
0.27722
-0.45291
-0.67519
-1.1858
-1.0596
-1.0725
-0.5428
-0.015831
0.4946
0.76954
0.84894
0.79251
0.71737
-0.092915
-0.23411
-0.3533
-0.83868
-1.0517
-0.85376
-0.49326
-0.0049404
0.17351
0.65916
0.92208
1.3138
0.81248
0.83636
-0.12938
-0.53537
-0.89588
-1.1547
-0.91756
-0.58535
0.1694
0.44094
0.37661
0.81063
0.75332
0.68031
0.43377
-0.44917
-0.61429
-0.93251
-1.1554
-1.1396
-1.2518
-0.43656
0.18211
0.72304
1.2004
1.145
1.0275
0.58325
-0.13439
-0.46086
-0.53961
-1.1493
-1.0085
-0.96183
-0.021145
0.065142
0.48466
0.8227
1.2488
1.0999
0.49386
0.18615
-0.61833
-0.70177
-1.286
-1.1076
-1.0564
-0.92243
-0.10974
0.32904
1.1601
0.88068
1.2564
0.76351
0.38703
0.0095458
-0.57361
-0.98752
-1.2146
-0.97593
-0.4894
-0.0108
0.35727
0.71715
1.3398
0.75053
0.98769
0.36261
0.024894
-0.83886
-1.0379
-1.4516
-1.4683
-1.1502
-0.49375
-0.0568
0.44015
0.9356
1.1571
0.73849
0.48067
0.3566
-0.64236
-0.6689
-1.0233
-1.0067
-0.91969
-0.30523
-0.088292
0.45077
1.489
1.3205
1.4052
0.77583
0.36264
-0.37551
-0.48204
-0.99401
-1.1643
-1.1507
-0.78663
-0.39125
0.42053
1.129
0.95576
0.95322
0.93086
0.31691
-0.048869
-0.59886
-0.83026
-0.96152
-0.68115
-1.0349
-0.24753
0.68804
0.98366
1.0842
1.2266
0.9667
0.65614
-0.010056
0.016787
-0.78127
-1.1553
-1.0348
-0.68501
-0.27623
0.013591
0.7027
1.3967
0.67911
0.6846
0.63568
0.32743
-0.32235
-0.97902
-1.0987
-0.99894
-0.89062
-0.37966
0.13318
0.3462
1.0469
1.4245
0.88951
0.70706
0.56604
-0.23923
-0.38667
-1.1153
-1.0079
-0.84542
-0.72198
-0.14672
0.16887
1.0109
0.98766
1.1966
0.76214
0.34751
-0.081553
-0.59154
-0.80367
-1.147
-1.0153
-0.52316
-0.40848
-0.042658
0.72381
0.76947
0.91319
1.0845
0.46257
0.1475
0.035324
-0.37601
-0.92187
-0.53729
-0.37861
-0.5176
-0.018823
0.36897
0.58855
1.1145
0.54869
0.71878
0.045768
-0.59611
-0.24165
-0.86959
-0.80291
-0.59479
-0.508
-0.064491
0.099995
0.55604
0.56084
0.47963
0.66831
0.4658
0.17416
-0.32132
-0.5182
-0.048053
-0.24162
-0.024541
-0.05338
0.6689
0.65815
0.95971
0.61563
0.8441
0.43191
0.23044
-0.18914
-0.49902
-0.56279
-0.28138
-0.33039
-0.034036
-0.10545
0.23501
0.32599
0.17853
0.061529
-0.0070951
0.12565
-0.025724
-0.71656
-0.68866
-0.52376
-0.076515
0.34833
0.050456
0.027477
0.39387
0.46261
0.58102
0.41897
-0.05918
0.11016
0.1105
-0.13141
-0.16663
-0.17236
-0.12858
0.24167
0.46087
-0.22613
-0.46255
0.33912
0.047793
-0.15561
-0.4687
-0.54178
0.027597
-0.028037
-0.22537
-0.40716
0.19044
0.056639
0.43044
0.038655
-0.093058
0.38737
0.58852
0.27189
0.024748
-0.48793
0.13715
0.25496
-0.094733
-0.56326
-0.39588
0.1362
0.30219
-0.25294
-0.81505
0.027305
0.2399
0.053491
-0.40895
-0.63585
-0.38487
0.36544
0.20702
-0.23173
-0.5609
0.1033
0.88027
0.34232
-0.66878
-0.51892
0.21473
0.67349
1.0227
-0.67828
-0.29105
0.48271
0.98493
0.13061
-0.88842
-0.56212
0.79758
0.3311
-0.19229
-0.69161
-0.24949
0.87423
0.38675
-0.9582
-0.7858
-0.16202
0.66811
-0.1075
-1.0565
-0.83916
0.39511
0.80367
-0.0052788
-0.72
-0.54886
1.0047
0.48842
0.16316
-0.8024
0.2484
0.84886
0.60292
-0.23892
-0.73688
0.015784
1.1463
0.35083
-0.33622
-0.87617
0.38496
0.94102
-0.13576
-1.0018
-0.79537
0.18075
0.80611
-0.56912
-1.0194
-0.41032
0.7836
0.80977
-0.70265
-0.74309
0.23809
1.1211
0.65824
-0.5281
-0.73757
0.3956
1.0855
0.52233
-0.61808
-0.55356
0.78555
1.0498
0.10242
-0.93874
-0.35626
0.47622
0.56559
-0.95438
-1.02
-0.22277
0.91069
0.59649
-0.49779
-1.0411
0.13453
1.0651
-0.0028564
-1.1742
-0.61843
0.14177
0.90598
-0.01511
-0.99203
-0.20729
0.90997
1.0094
-0.083846
-0.85344
0.02416
0.92405
0.89215
-1.0108
-0.9514
0.14754
0.90422
0.29039
-0.85031
-1.121
0.41211
0.68443
-0.14835
-0.82997
-0.84053
0.70383
0.66806
0.38847
-0.94506
-0.34363
0.5716
0.51339
-0.51069
-0.95186
-0.2824
1.1375
0.96519
-0.59028
-0.40463
0.46288
1.0244
0.63113
-0.62603
-0.57285
0.85768
0.61504
-0.16674
-0.92063
-0.24559
0.36927
0.75539
-0.72419
-1.0898
-0.21617
0.24078
0.21949
-0.9963
-0.96753
-0.21225
0.8197
0.52066
-0.67851
-0.48832
0.73395
0.91421
0.41819
-0.30402
0.086985
0.75931
1.0427
0.36243
-0.4566
0.18506
0.86548
0.71488
-0.30548
-0.98488
0.24355
0.4831
0.17342
-0.96237
-0.59647
-0.31347
0.55803
-0.18414
-0.71002
-0.46952
0.17231
0.5313
0.18026
-0.83357
0.13621
0.78338
0.72118
0.061569
-0.14023
0.063941
0.75528
0.77999
0.38116
0.17728
0.38944
0.57847
0.4625
-0.32392
-0.44854
0.14089
0.21034
-0.28634
-0.67656
-0.754
-0.70785
-0.18019
-0.71376
-0.65845
-0.70936
-0.37209
-0.25935
-0.43023
-0.15034
0.011575
0.24687
0.36258
0.49424
0.44553
0.74094
0.80987
0.82245
0.57673
0.72255
0.76825
0.6071
0.54002
0.3989
-0.037786
-0.047333
-0.073347
-0.21758
-0.40665
-0.73881
-0.49857
-0.99791
-0.89433
-0.73967
-1.0319
-0.53412
-0.5031
-1.0872
-0.29637
-0.10879
-0.056976
-0.01594
0.39728
0.60378
0.58838
0.6902
0.75082
0.89297
0.83058
1.0666
0.75252
0.75633
0.55102
0.31824
0.24266
-0.045502
-0.26963
-0.38807
-0.42545
-0.83194
-0.96886
-1.0385
-1.1411
-1.0362
-0.81955
-0.87502
-0.3647
-0.56525
-0.30232
0.13159
0.09332
0.2291
0.19738
0.62778
0.79914
0.79023
0.96204
1.0827
0.91168
1.0257
0.79422
0.5011
0.59725
0.45084
-0.085961
-0.030222
-0.34289
-0.68198
-0.78864
-0.75986
-0.75399
-0.92971
-0.90799
-1.0585
-0.88549
-0.7236
-0.85887
-0.62684
-0.27208
-0.022699
-0.24437
0.27559
0.54769
0.67038
0.88763
0.91662
1.0345
1.3437
0.96411
0.94479
1.0749
0.46422
0.14664
0.2979
0.0014548
-0.30639
-0.28508
-0.52263
-0.79134
-0.77371
-0.90609
-0.91299
-1.0932
-0.97628
-0.78517
-0.62412
-0.54835
-0.39572
-0.31134
0.10775
0.10724
0.21338
0.3195
0.46139
0.7649
0.94963
1.0273
0.94295
0.8832
1.1326
0.79665
0.99465
0.71194
0.14406
0.33597
-0.33384
-0.24192
-0.72898
-0.46243
-0.97324
-0.78873
-0.71514
-1.0884
-0.93003
-1.3355
-0.86837
-0.9277
-0.4753
-0.41061
-0.13506
0.4806
0.84266
0.71265
0.9068
0.86948
0.81777
0.82853
1.2605
1.0563
1.1907
1.0532
0.87941
0.53263
-0.066161
-0.10116
-0.24881
-0.32494
-0.6928
-0.50929
-0.89082
-0.73059
-1.3645
-0.93985
-1.2156
-0.79073
-0.77042
-0.62387
-0.1512
-0.2861
0.033811
0.31068
0.68461
0.73407
0.63806
0.67007
0.80895
0.77706
0.87074
0.8676
0.87262
0.54521
0.69935
0.64956
0.27593
-0.17361
-0.27176
-0.39305
-0.52265
-1.0855
-0.62741
-0.95203
-1.0127
-1.0124
-0.96287
-0.85211
-0.53196
-0.26237
-0.26637
-0.26248
0.25722
0.25124
0.65841
0.74194
0.64672
1.1348
1.1673
0.75932
1.0165
0.8265
0.56102
0.34128
0.39264
0.65816
0.28005
0.19328
-0.064497
-0.57418
-0.41476
-0.8922
-0.93431
-0.96471
-0.89318
-1.0547
-0.86711
-0.79996
-0.42274
-0.5683
-0.32128
0.28035
-0.05879
0.4686
0.61974
0.20271
0.61502
1.1823
0.93093
0.74072
1.14
0.98078
0.99833
0.52034
0.36139
0.54727
-0.077393
0.20077
-0.43999
-0.67549
-0.6529
-0.2982
-0.98362
-1.0838
-1.0328
-0.71048
-0.86124
-0.81532
-0.94439
-0.47294
-0.37908
-0.051731
0.081402
0.59835
0.32895
0.71428
0.55419
0.94453
0.99843
0.73563
0.89408
0.77343
1.0713
0.71216
0.43471
0.15726
0.05087
-0.17488
-0.34614
-0.49492
-0.8443
-1.0954
-0.4939
-0.94038
-1.0503
-0.9513
-0.91511
-0.72579
-0.27459
-0.52794
-0.59674
-0.024354
-0.094084
0.22858
0.44577
0.74196
0.77035
0.62083
0.80119
1.2853
0.73255
0.83038
0.98765
0.45525
0.22145
0.48888
-0.03629
-0.12111
-0.4442
-0.79173
-0.58747
-1.0718
-0.80119
-0.91672
-0.74948
-0.99466
-0.58785
-0.47815
-0.72523
-0.34345
-0.21147
0.018857
0.3708
0.71036
0.52243
0.96527
0.68365
0.61525
1.0686
0.91417
0.72702
0.84485
0.62421
0.57609
0.29597
0.052722
-0.11249
-0.42958
-0.42238
-0.49618
-0.60197
-0.77256
-0.98086
-0.9008
-0.5577
-0.8276
-0.73632
-0.36369
-0.54536
-0.071682
0.11709
-0.050299
0.2042
0.27022
0.7308
0.89541
0.87944
1.0377
0.72447
0.87833
0.82593
0.71774
0.45147
0.64059
0.46612
0.23983
0.0067471
-0.15424
-0.2463
-0.47248
-0.56523
-0.83908
-0.79346
-0.66717
-0.87142
-0.73778
-0.7462
-0.28127
-0.49683
-0.24489
0.16022
0.037302
0.52925
0.44808
0.44852
0.43604
0.61436
0.68497
0.69213
0.57152
0.3976
0.25976
0.49765
0.34077
0.56065
0.54618
0.14307
-0.35407
-0.42234
-0.56347
-0.55687
-0.92639
-0.75932
-0.56984
-0.73768
-0.4393
0.0071356
-0.17557
-0.058936
-0.28626
0.052953
0.011295
-0.24333
-0.10429
-0.008501
0.43667
0.65198
0.49586
0.51468
0.82399
0.95171
0.76307
0.50307
0.25935
-0.14023
0.16439
-0.15167
-0.45581
-0.74962
-0.85152
-0.38178
-0.12533
0.1111
0.10965
-0.031505
0.10215
-0.22493
-0.16808
-0.22475
-0.62004
-0.44697
-0.43535
-0.27955
0.059332
0.18386
0.33727
0.71537
1.2915
0.93902
0.96377
0.47071
0.001182
-0.31185
-0.32773
-0.56067
-0.39078
-0.28682
-0.13767
-0.20082
0.3662
0.56749
0.36331
0.16926
-0.27682
-0.44889
-0.7116
-0.86245
-1.0231
-0.85479
-0.69688
-0.12462
0.47272
0.80138
0.83761
1.0539
0.67247
0.65028
0.30118
-0.13302
-0.44663
-0.69401
-0.61908
-0.28083
-0.03847
0.47508
0.74828
1.1469
0.71066
0.59642
0.30828
0.29677
-0.65556
-1.1168
-1.2455
-1.3118
-0.94903
-0.5664
0.14493
0.64662
0.88402
0.92964
0.97768
0.42977
0.55874
-0.36762
-0.86791
-0.77588
-0.54034
-0.73094
-0.12083
0.26138
0.3437
0.85479
1.2404
1.3977
0.94279
0.28187
-0.063362
-1.2227
-0.94269
-1.1376
-1.3338
-0.91368
-0.37906
0.39008
1.0117
0.86752
0.8204
0.59642
0.41508
-0.10729
-0.27466
-0.84347
-1.1391
-0.92521
-0.39025
0.050024
0.12858
0.73728
1.3973
1.2822
1.06
0.48314
0.015157
-0.39757
-0.71304
-0.9578
-1.3912
-1.2905
-0.30783
-0.11823
0.85615
0.76278
1.1365
0.74132
0.57247
0.1888
-0.45486
-0.48019
-1.4834
-1.1716
-1.0869
-0.16234
0.14712
0.89027
0.93775
1.4362
1.4192
1.0953
0.31779
-0.11038
-0.72009
-0.95171
-1.1986
-1.1655
-0.73934
-0.36763
0.038501
0.85484
1.1328
1.0315
0.89784
0.75665
-0.026036
-0.82364
-1.0322
-1.2231
-1.0248
-1.0492
-0.34853
0.098458
0.27232
1.0723
1.3169
1.2055
0.87352
0.2713
-0.4739
-0.41304
-1.07
-1.0948
-0.83948
-0.074863
-0.2309
0.66902
0.87525
1.1647
0.97903
0.77377
0.087024
-0.7456
-0.80847
-1.4399
-1.1467
-1.0185
-0.53339
-0.45812
0.31244
0.98666
1.1771
0.92678
0.90688
0.47385
-0.068662
-0.62763
-0.85926
-1.1058
-1.0783
-0.43392
0.24124
0.32191
0.88125
1.074
1.1279
1.043
0.34818
0.16016
-0.63459
-1.0002
-1.2104
-1.3229
-0.85664
-0.35426
-0.07652
0.57573
0.88707
0.9445
0.96888
0.49155
0.2933
-0.32259
-0.52119
-1.0921
-1.0701
-1.0134
-0.38519
-0.038892
0.72475
1.0498
1.2899
1.2819
0.90446
0.36489
-0.21574
-0.64904
-0.813
-0.75169
-1.1689
-0.59753
0.1247
0.50448
0.46912
0.59057
0.86393
0.85899
0.34318
-0.076236
-0.58922
-1.0819
-1.1474
-0.88998
-0.81042
-0.39218
0.33967
0.76692
1.1328
1.2558
1.0662
0.53777
0.032566
-0.0084901
-0.4624
-0.81537
-0.49359
-0.57346
-0.28301
0.055373
0.73107
0.34486
0.67228
0.73186
0.14604
-0.27477
-0.86742
-0.89031
-1.1695
-0.98352
-0.62123
-0.34801
0.068123
0.42371
0.52363
0.54714
0.33281
0.6045
0.3073
0.091911
-0.079179
-0.28151
-0.54056
-0.34379
-0.2323
-0.031859
0.22078
0.57669
0.43558
0.68522
0.32568
0.064605
0.14747
-0.42494
-0.30862
-0.69693
-0.75411
-0.16514
-0.42942
-0.020183
0.052186
0.24423
0.58969
0.66054
0.49135
0.047905
0.30046
-0.19199
-0.20926
0.10125
-0.26564
0.56319
0.24739
0.14257
0.16679
0.30539
0.12028
-0.12599
0.12863
-0.38011
-0.088873
0.055116
-0.26437
-0.64994
-0.20453
-0.05307
0.23246
0.24602
0.00035486
-0.0090086
0.13773
0.325
-0.3037
-0.56369
0.12297
0.35207
-0.0052817
-0.21119
0.096072
0.032914
0.62556
0.018577
-0.12557
-0.22705
0.56124
0.25046
-0.078467
-0.47881
-0.20724
0.19938
0.24717
-0.24084
-0.83154
-0.086338
0.69041
0.23658
-0.53086
-0.54882
0.21504
0.60225
0.098908
-0.49784
-0.4445
0.31657
0.92428
0.18645
-0.38812
-0.22238
0.58319
0.45782
0.11394
-0.51864
0.13379
1.0269
0.32086
-0.54819
-0.72436
0.2536
0.77042
0.36276
-0.82775
-0.96168
0.23021
0.70974
-0.014706
-0.96257
-0.46579
0.3725
0.94471
-0.13419
-0.76699
-0.6627
0.65226
0.8308
-0.10157
-0.74097
0.12361
0.91216
0.95152
-0.53231
-0.28641
0.29285
1.1271
0.1426
-0.90352
-0.74069
0.70887
0.97298
0.032163
-1.1442
-0.84858
0.77784
0.60223
-0.6318
-0.90117
-0.32724
0.70342
0.3493
-0.84124
-1.0603
0.07365
1.2031
0.18852
-0.66845
-0.48087
0.40018
1.4128
0.46931
-0.57587
-0.62029
0.7865
1.1094
-0.24726
-0.85189
-0.012165
1.2281
0.46686
-0.46983
-1.3072
-0.2894
0.94422
0.31705
-0.77034
-1.2349
0.022852
0.8049
0.29471
-0.90544
-0.83309
0.24053
1.0392
0.00027119
-1.088
-0.48825
0.82753
1.0387
-0.12459
-0.66345
0.33192
1.0766
0.77169
-0.87358
-0.67703
0.45988
1.1959
0.46128
-0.9356
-0.53628
0.40388
0.7701
-0.26412
-1.1449
-0.54968
0.29202
0.65334
-0.4934
-1.1064
-0.5078
0.71977
0.4254
-0.82939
-0.7753
0.17812
1.16
0.31317
-0.54813
-0.48514
0.94205
1.081
0.6169
-0.63453
-0.30981
0.64874
1.0032
0.16862
-0.97326
-0.37635
0.67262
0.62274
-0.84305
-1.1712
-0.11027
0.70396
0.36884
-0.87373
-1.578
0.20288
0.78164
0.11099
-0.89951
-0.61116
0.60125
1.1563
0.16056
-0.47148
-0.35266
1.0389
0.76729
0.21845
-0.42031
0.36734
0.87651
0.7668
-0.44574
-0.80998
-0.096719
0.81066
0.35165
-0.75953
-0.48194
0.10982
0.14998
-0.2268
-0.80389
-0.9446
-0.022665
0.032539
-0.46678
-0.77523
0.093506
0.55919
0.31105
-0.26272
-0.55054
0.58641
1.1738
0.50957
0.1443
0.040916
0.85504
0.63721
0.44389
-0.12531
0.42607
0.51013
0.48235
-0.15453
-0.84186
-0.54951
-0.16138
-0.18937
-0.65241
-0.84768
-0.76499
-0.26892
-0.28355
-1.0926
-0.55859
-0.39135
0.20617
0.21756
-0.36086
-0.038247
0.32673
0.46507
0.66038
0.52806
0.50351
0.89983
0.81587
0.76093
0.55747
0.50531
0.27629
0.072814
-0.14904
-0.12109
-0.41899
-0.32659
-0.86978
-0.8702
-0.74254
-0.80641
-0.63273
-0.97357
-0.68211
-0.64773
-0.34938
-0.16211
-0.26137
0.073841
0.47639
0.30819
0.57289
0.71051
0.82459
0.41769
1.1256
1.0985
0.90588
0.61733
0.17852
0.51661
0.18324
-0.043577
0.071667
-0.028213
-0.14724
-0.816
-1.1623
-0.45453
-0.73743
-0.99323
-1.2694
-0.51787
-1.012
-0.81505
-0.54029
-0.60119
-0.22934
-0.13547
-0.045351
0.38254
0.61851
0.55549
0.98398
0.81485
0.87271
0.96546
0.91267
0.87996
0.39666
0.64778
0.19279
0.49958
-0.41232
-0.25432
-0.4887
-0.53488
-0.7952
-0.46132
-0.9257
-0.66534
-1.0859
-0.79457
-0.75609
-0.5867
-0.45323
-0.68102
0.054651
0.044075
-0.093424
0.52217
0.42526
0.66442
0.81124
0.90209
1.0055
0.78093
1.0584
0.78223
1.1045
0.57739
0.35488
-0.18201
0.032325
-0.23851
-0.5427
-0.56477
-1.088
-1.1528
-0.79036
-1.0182
-1.3784
-0.91997
-0.85901
-0.59593
-0.5382
-0.30404
-0.27712
0.2099
0.55648
0.55008
0.59146
0.48348
1.0478
1.1014
0.96003
1.1239
0.74296
1.1137
0.54128
0.3738
0.3199
0.23607
0.0083262
-0.19994
-0.34545
-0.44891
-0.81667
-0.53301
-1.1728
-0.94474
-0.91928
-1.1294
-1.0016
-0.7941
-0.39552
-0.45018
-0.27205
0.19778
0.17096
0.48963
0.67707
0.79271
0.57103
1.0088
0.77708
1.2143
0.75715
0.74438
0.49814
0.68552
0.17589
0.08422
-0.15595
-0.14769
-0.50921
-0.65703
-0.63541
-1.0159
-1.1401
-0.80249
-1.3121
-1.0085
-0.73119
-0.52592
-0.35653
-0.37746
0.20938
0.05229
0.10461
0.92754
0.50919
0.82652
0.79543
0.83089
1.2223
0.89137
0.52894
0.44152
0.53248
0.34865
0.12303
-0.15016
-0.26332
-0.16871
-0.53749
-0.54928
-1.0087
-0.67704
-1.0572
-0.80964
-1.5779
-0.9714
-0.78301
-0.78939
-0.58276
-0.24722
0.032327
0.18428
0.45623
0.50644
0.76529
0.98008
0.92007
0.89975
1.0763
1.2333
0.69106
0.75272
0.2217
0.43486
0.35673
0.028059
0.027126
-0.32051
-0.62347
-0.67327
-0.96654
-1.1311
-0.99779
-1.0467
-0.64162
-1.1107
-0.98935
-0.87612
-0.54689
-0.35354
-0.23806
0.22733
0.45996
0.39315
0.65471
0.79611
0.557
0.91263
1.158
1.2149
0.76354
0.80345
0.84757
0.56764
0.051611
-0.041754
-0.154
-0.55778
-1.0184
-0.89358
-0.89427
-1.0312
-0.75396
-0.97547
-0.8674
-0.57911
-0.52885
-0.61097
-0.40174
-0.034831
-0.35169
0.077274
0.61508
0.77893
0.96632
1.1206
0.8961
0.97407
0.81952
0.84062
0.87392
0.61571
0.52484
0.2693
0.3084
-0.11714
-0.19669
-0.23074
-0.59268
-0.8982
-1.032
-0.6224
-0.67331
-1.2154
-0.90703
-0.97754
-0.49645
-0.5961
-0.40162
-0.12413
0.14572
0.37371
0.38881
0.64014
0.74101
0.61393
1.1314
1.0774
0.73743
0.74634
1.0065
0.86588
0.49406
0.22078
0.15102
0.078553
-0.35759
-0.6684
-0.75228
-0.52071
-0.59497
-1.1014
-0.92898
-1.039
-0.7283
-0.87591
-0.85577
-0.37345
-0.507
0.064735
0.44812
0.46177
0.34167
0.77548
0.6208
0.741
0.80046
0.91631
0.97103
0.84324
0.36449
0.51488
0.63825
0.65397
0.030308
0.11911
-0.32886
-0.43047
-0.50222
-0.83152
-0.71557
-1.0347
-1.2507
-1.1421
-0.97014
-0.56661
-0.24693
-0.01824
-0.24833
-0.2349
-0.23322
0.46973
0.72149
0.90492
0.67283
0.79112
0.77956
0.58858
0.72215
0.78221
0.71705
0.72743
0.45057
-0.077549
-0.39148
-0.059396
-0.29427
-0.56693
-0.79402
-0.87497
-0.83811
-0.67104
-1.0602
-0.86212
-0.49315
-0.67244
-0.72806
-0.44823
-0.39125
-0.1496
0.096889
0.36902
0.24618
0.22026
1.0296
0.91262
0.58639
0.94997
0.96542
0.51581
0.46616
0.56818
-0.18594
-0.042077
-0.054606
-0.39443
-0.035051
-0.094358
-0.17541
-0.26245
-0.53071
-0.65665
-0.66543
-0.63402
-0.83655
-0.61941
-0.33311
-0.26647
0.18033
0.32162
0.14446
0.28703
0.761
0.61136
0.55877
0.58785
0.25846
0.27978
0.21473
0.052351
0.26717
0.3171
0.33243
0.099038
0.39099
0.45189
-0.19121
0.21005
-0.013413
-0.49797
-0.43161
-0.73431
-0.82026
-0.8954
-0.66441
-0.24548
-0.090803
0.25282
0.51709
0.51791
0.45297
0.65078
0.38006
0.044094
-0.079916
-0.17567
0.041044
0.030313
0.36966
0.3993
0.23907
0.79279
0.83203
0.58041
0.2533
-0.061643
-0.18409
-0.46328
-0.85429
-1.0962
-0.93123
-0.597
-0.46312
0.17152
0.27501
0.52656
0.78936
0.22574
0.23065
-0.021322
-0.55581
-0.5895
-0.86625
-0.314
-0.13229
0.12411
0.73828
0.87413
1.1558
0.83306
0.77996
0.34781
-0.089789
-0.36506
-0.69635
-0.8196
-0.91552
-0.74416
-0.40281
0.069686
0.75424
0.58949
0.73585
0.38589
0.19889
-0.1092
-0.84702
-1.0824
-0.7666
-1.1895
-0.57874
-0.1049
0.36301
0.85805
1.2346
1.3298
1.1937
0.96799
0.46205
-0.25276
-0.52019
-0.97274
-1.0925
-0.53468
-0.6873
-0.4323
0.33489
0.57496
0.75374
0.88271
0.45351
0.13121
-0.4201
-1.0283
-1.2524
-1.1076
-0.76461
-0.88838
-0.34747
0.43577
0.97452
0.85073
1.1138
1.0587
0.69418
-0.14719
-0.26604
-0.6363
-0.93605
-0.60506
-0.76444
0.030629
0.31326
0.96706
0.66947
0.83447
0.8873
0.69702
-0.21001
-0.58691
-1.171
-1.4393
-1.2381
-1.1965
-0.49476
0.27975
0.20627
1.0309
1.2573
1.256
0.75652
0.22326
-0.1652
-0.6839
-1.1411
-1.1443
-0.47318
-0.29295
0.53
0.6808
0.93867
1.0406
0.61739
0.77163
0.16479
-0.049958
-0.92033
-1.2597
-1.1756
-1.0371
-0.84819
-0.65208
0.3985
0.83159
1.3242
0.70068
0.85672
0.48531
0.053754
-0.80254
-0.84103
-1.0095
-1.0344
-0.81701
-0.093754
0.21994
1.003
1.1477
1.3193
0.94995
0.90584
0.52039
-0.65178
-1.1234
-1.1057
-0.99921
-1.0955
-0.48302
0.019348
0.49245
0.92129
0.93232
0.90481
0.89506
-0.0087466
-0.7305
-0.48814
-1.0585
-1.2455
-1.0222
-0.41962
0.13042
0.55286
0.96233
1.2903
1.2427
0.94671
0.48142
0.0033986
-0.34103
-0.90325
-1.0651
-0.83109
-0.54903
-0.31972
0.17373
0.58073
0.63292
0.98914
0.60048
0.25251
0.029949
-1.1397
-0.7592
-1.5898
-1.2134
-0.7659
-0.40401
0.22116
0.71035
1.3087
1.2915
0.77208
0.68444
0.32315
-0.21882
-0.71587
-0.57874
-1.0855
-1.1447
-0.26413
-0.079742
0.50351
0.68271
0.97406
0.96097
0.66616
0.10354
-0.59258
-0.89729
-1.206
-1.1293
-0.7615
-0.68936
-0.19871
0.51948
0.95761
1.0423
1.1713
1.1245
0.18636
0.24828
-0.34623
-0.76886
-0.75755
-1.081
-0.52221
-0.10525
0.065789
0.9422
1.0856
1.2485
0.48415
0.32505
-0.15854
-0.50117
-0.82405
-1.1254
-0.9243
-0.89114
-0.44862
-0.101
0.49475
0.77094
0.84039
0.23616
0.56207
0.084854
-0.58642
-0.75307
-0.6214
-0.41441
-0.49531
-0.20456
-0.07223
0.58344
0.67051
0.84453
0.77373
0.53815
0.004331
0.1114
-0.11092
-0.63142
-0.55952
-0.72671
-0.46406
-0.15241
0.037601
0.5353
0.57418
0.36458
0.4258
0.26744
0.10877
-0.50345
-0.45938
-0.73215
-0.27738
-0.070615
-0.16114
0.23166
0.2992
0.90605
0.83654
0.45398
0.024546
-0.061936
-0.22876
0.07137
0.10104
-0.38852
-0.25631
-0.038831
-0.28808
0.27048
0.10311
0.086599
0.38875
-0.14076
-0.15028
-0.33454
-0.21063
0.14624
-0.0021106
-0.5566
-0.29595
-0.20056
0.29991
0.087127
-0.12515
0.12306
0.23039
0.46545
0.31701
-0.018195
-0.2273
0.010107
0.56877
0.036389
-0.35718
0.18978
0.19331
0.3215
-0.32471
-0.25661
0.052146
0.27663
0.086455
-0.71052
-0.42381
-0.021002
0.58325
-0.057
-0.60542
-0.45667
0.38206
0.61518
0.01706
-0.55221
0.090424
0.61197
0.5472
-0.15195
-0.64488
0.059083
0.39733
0.64435
-0.31176
-0.47476
0.20159
0.75519
-0.01869
-0.51069
-0.51638
0.43018
0.64435
-0.15936
-1.0501
-0.43145
0.58595
0.68633
-0.29569
-0.76781
-0.5206
0.49679
0.81049
-0.73175
-0.36199
0.15019
0.55016
0.48481
-0.67541
-0.49221
0.59683
0.93461
0.30678
-0.40741
-0.62519
0.69504
0.81868
-0.43739
-0.85268
-0.60718
0.71251
0.62338
-0.51525
-1.1794
0.027466
0.63899
0.16925
-0.75874
-0.963
0.18007
1.0728
0.23027
-1.1398
-0.65824
0.23505
1.1541
-0.13817
-0.92081
-0.48544
0.90935
0.97701
-0.0171
-0.89506
-0.24739
0.87159
1.0034
-0.91378
-0.83335
0.54341
1.0202
0.51391
-1.1457
-0.85711
0.49325
1.0249
-0.19456
-0.96783
-0.4868
0.61433
0.72213
-0.38117
-0.70922
-0.12825
0.97715
0.77093
-0.47733
-1.0769
0.46446
1.3454
0.5368
-0.58765
-0.7344
0.50265
1.1434
0.18563
-0.94936
-0.41127
0.55673
0.75827
-0.25228
-1.1813
-0.40994
0.94523
0.46829
-0.62555
-1.0245
-0.29656
0.60162
0.8776
-0.84667
-0.7499
0.1767
0.86597
0.36346
-0.83525
-0.1958
0.78206
1.115
-0.24559
-0.78799
-0.10495
0.90428
0.92546
-0.2723
-1.1242
-0.080573
1.1319
0.48824
-0.57612
-0.89146
-0.012957
0.78005
0.073464
-1.4351
-0.96478
0.33293
0.55194
0.099117
-1.0532
-0.78116
0.31072
0.74331
-0.50553
-1.2025
-0.11341
1.1181
1.0382
-0.14484
-0.50208
0.0017914
0.94753
0.54291
-0.45015
-0.58579
0.43268
1.0015
0.28635
-0.83415
-0.30919
0.37808
0.39606
-0.16397
-0.95564
-0.86001
0.15378
0.16374
-0.59366
-1.2739
-0.5658
-0.14882
0.28224
-0.42028
-0.3896
-0.081035
0.76535
0.59878
-0.2169
0.016819
0.65994
1.0158
0.61437
0.25022
-0.069428
0.35334
0.68453
0.18361
-0.63753
-0.18341
0.17198
-0.28526
-0.74726
-0.84223
-0.25548
-0.44952
-0.33275
-0.86511
-0.79947
-0.65088
0.0898
-0.026674
-0.59439
-0.23693
0.32672
0.46556
0.045679
0.17414
0.23123
0.79886
0.88852
0.50971
0.5916
0.63751
0.59796
0.73053
0.1245
-0.2714
-0.22869
0.19285
-0.0072378
-0.64189
-0.65859
-0.35896
-0.4801
-0.9691
-1.0526
-0.72593
-0.60681
-0.52398
-0.41642
-0.65704
-0.19563
0.12665
0.046337
0.16352
0.5558
0.58064
0.87773
0.6542
0.64264
0.95705
0.67128
0.756
0.54925
0.36542
0.43789
0.61554
0.24555
-0.24986
-0.4596
-0.50272
-0.44762
-0.72922
-0.98136
-0.76925
-1.062
-1.2716
-0.71863
-0.65183
-0.73366
-0.65741
-0.032381
0.17002
0.24928
0.71644
0.71007
0.75413
1.071
0.66086
0.49102
0.8438
0.76233
0.79093
0.65812
0.62077
0.12808
0.41989
0.045871
0.039329
-0.33681
-0.66164
-0.74523
-0.89122
-1.0468
-0.99255
-1.077
-1.266
-0.49731
-0.80394
-0.62672
-0.54975
0.0065531
0.015345
0.18214
0.37524
0.47291
0.56053
1.0142
0.90868
0.95536
1.0511
1.0341
1.115
0.78603
0.59432
0.30644
0.037626
-0.2248
-0.27803
-0.68996
-0.61651
-0.44185
-1.1376
-1.3641
-0.97056
-1.0223
-1.5302
-0.85065
-1.0835
-0.42004
-0.49082
-0.36641
0.13724
0.31773
0.71974
0.5033
0.42665
1.2328
0.76816
1.1128
1.1627
1.1776
0.59361
0.60263
0.36849
0.27317
0.14241
0.1398
-0.18848
-0.42192
-0.52965
-1.1058
-0.96887
-0.96575
-0.92074
-0.9112
-0.79652
-0.77431
-0.72225
-0.59148
-0.70188
-0.10448
-0.063358
0.13319
0.49371
0.48716
0.95208
0.97551
1.0723
0.84843
0.91023
0.97698
0.69147
0.78373
0.44632
0.60207
-0.047528
-0.14964
-0.10265
-0.54453
-0.59184
-0.69511
-0.6802
-1.1187
-1.0521
-1.0206
-0.73033
-0.71005
-0.639
-0.48333
-0.41502
0.0079876
0.16498
0.37655
0.37153
0.72535
0.86259
0.77185
0.81346
1.0024
0.76139
0.93235
1.0761
0.69517
0.39557
0.05236
-0.19002
0.084097
-0.093709
-0.5143
-0.81475
-0.82975
-0.79141
-0.91806
-0.73648
-1.3517
-0.91353
-0.65849
-0.41324
-0.12744
-0.22468
-0.058432
0.48586
0.35984
0.41352
0.70205
0.95124
1.1769
0.86191
0.92037
0.98966
0.4151
0.72004
0.27846
0.14143
0.24214
0.1338
-0.28512
-0.65582
-0.50736
-0.77456
-0.9122
-0.89767
-0.91237
-0.60399
-0.80294
-1.0578
-0.60678
-0.81816
-0.5659
-0.065672
0.08295
-0.082896
0.36296
0.76285
0.59798
0.63687
0.74898
0.92673
0.5499
0.84639
1.1653
0.99001
0.63814
0.67368
0.24344
-0.05873
-0.15942
