0
-0.43983
0.32812
1.5472
1.522
-0.019704
1.0311
1.2643
1.2543
1.301
1.366
0.262
0.51904
-0.26501
0.25631
0.13986
0.28098
-0.74115
-0.45325
-0.67804
-1.3072
-1.4137
-1.0332
-0.94576
-1.44
-1.2969
0.24537
-0.18144
-0.42603
-0.46935
-0.34238
0.86947
0.65106
0.72417
0.60889
1.0801
1.147
1.3353
1.8612
0.66348
0.77202
-0.11374
0.034922
0.57442
0.82677
0.40216
0.053168
-0.41043
-1.3799
-0.49445
-0.44251
-1.4545
-0.76339
-1.1081
-1.1677
-0.19276
-0.21468
-0.22346
0.037428
0.45652
0.28472
0.61755
0.024187
1.0721
0.35163
0.88354
0.57137
1.0958
0.50743
0.39769
1.2948
0.95503
0.54989
-0.29687
-0.93939
0.54769
0.039137
0.42431
0.43244
-0.17172
-1.7417
-0.40236
-0.29163
-0.5687
-0.15615
-1.2416
-0.22704
-0.043733
-0.97864
0.14814
-0.34893
0.34328
-0.17378
0.6482
0.88933
0.73113
0.84164
0.44245
0.88225
0.9357
0.076119
-0.12809
0.34202
0.9499
0.21217
0.29077
-0.061748
-0.037302
-0.76887
0.54453
-0.049452
-1.1462
-0.70474
-0.68529
-0.43931
-1.5153
-1.1021
-0.9049
-0.050664
-0.02809
0.65957
-0.74967
-0.1536
0.86262
-0.74868
0.47103
1.1547
-0.57167
-1.1569
0.69801
-0.19105
0.61955
0.19921
0.59861
0.47552
0.2135
0.34694
0.80705
1.0563
-0.229
-0.22487
-1.7412
-0.3027
-0.57118
-0.1644
-1.6968
-0.42048
0.56176
0.39148
0.12902
1.3587
0.24072
0.0096201
2.4259
-0.5703
-0.13827
0.78539
-0.090223
0.27002
0.70733
1.1304
1.1867
0.56953
1.0406
0.45757
0.7989
0.63087
-0.71776
-0.40257
-1.0234
-0.731
-1.1061
-1.6149
-0.097684
0.095651
0.42806
0.83841
1.1771
0.38348
0.44103
0.10838
0.22714
0.0013
-0.27394
-0.48764
-1.1027
-0.088975
2.1973
1.1619
2.3284
1.2954
0.47195
-0.4514
-0.43846
-1.8192
-1.3
-1.3131
-0.97189
-1.1491
-0.68464
-0.64308
0.77395
0.58882
0.58242
0.44311
0.47195
-0.061282
-1.0961
-1.3424
-0.86528
-0.60936
-0.3661
0.28572
1.2474
1.8822
1.2701
1.2977
0.41846
-0.27641
-0.51201
-0.18645
-1.362
-0.24445
-0.2985
-1.2318
-0.49829
0.40476
0.47757
1.0002
0.37852
1.4852
-0.12678
-0.56895
-1.2034
-1.3487
-1.0408
-0.61392
-0.6152
0.090394
0.37554
0.36165
0.53104
0.63564
0.50269
1.2642
0.57134
0.38292
-0.70262
-0.99451
-1.0919
-1.2512
-0.1739
-1.2985
0.044671
1.6314
0.86072
0.70136
0.96497
0.13787
-0.60529
-0.51798
-0.19183
-1.6412
-1.416
-1.5635
-0.15882
-0.037199
0.74709
1.247
0.51131
0.38852
0.0026506
0.43111
0.2542
0.27133
-1.1043
-1.6088
-1.2552
-0.041635
0.15452
1.5023
0.99959
1.3174
0.51062
1.5721
0.085277
-0.053408
-1.2142
-0.62749
-0.1121
-0.65656
-0.93028
0.22309
0.18301
0.33378
1.5072
0.2546
1.0774
0.085745
0.30617
-1.1524
-1.5546
-1.0356
-0.99037
-0.69404
0.21364
0.19283
0.73171
1.4364
1.4129
0.68899
-0.32632
-0.60756
-0.20116
-1.7062
-0.51059
-1.7123
-0.89284
-0.7875
0.14594
0.93647
0.63464
1.6646
1.1475
0.84555
0.2824
-0.12458
-1.1719
-0.71709
-0.78504
0.0010593
0.041644
0.22293
1.0758
2.217
0.6923
1.6051
0.89512
0.3593
-0.19194
-0.801
-1.977
-1.0395
-0.63398
-1.0464
0.48884
0.30792
0.1639
1.2395
1.0114
0.18467
0.24234
-1.1071
-0.68997
-1.3577
-1.4157
-1.634
-0.68623
0.50606
0.49747
0.58344
1.2778
0.50222
0.73039
0.25977
0.0099557
-1.2522
-0.4839
-0.26711
-1.0087
-0.85849
-1.137
1.1612
0.17488
1.0817
0.50403
0.41038
0.028835
-1.4044
-0.013398
0.106
-0.51808
-1.67
0.17548
-0.10903
-0.81017
0.46899
0.4566
1.611
0.88065
0.25659
0.9143
-0.43419
-0.45806
0.17548
0.10923
-1.4343
1.051
-0.00023727
0.84721
1.1091
0.86866
-0.073728
0.90684
0.43425
0.082939
-0.36501
-1.1076
-1.3382
-1.0701
-0.5447
0.40515
-0.058477
0.48034
0.086061
0.46922
0.86711
0.46571
0.31768
-0.92625
-0.78227
-0.96729
-0.22078
-0.3084
-0.39379
0.56327
-0.42437
1.196
0.70004
0.46792
1.0279
0.98984
0.35431
0.3024
0.42814
0.012883
-0.66902
-0.054873
0.07545
0.14176
-0.086921
0.48731
0.8627
0.054462
0.30977
0.25192
-1.5528
0.11045
-0.72082
0.66175
-0.10401
-0.21665
0.70322
0.086915
0.28821
0.49233
0.69579
0.60487
0.045027
0.41834
-0.6502
0.16632
0.54123
-0.05852
0.52053
-0.19001
-0.93322
0.16737
0.9967
1.5059
-0.42175
-1.0495
-0.44261
-0.9199
0.19309
-0.38852
0.24095
-0.35098
0.19284
-0.29898
0.44802
-0.54239
1.06
0.62134
0.5214
0.35288
-0.047348
0.64856
0.68046
0.46683
-0.55947
0.62452
1.3327
0.67397
-0.14225
-0.04429
-0.8854
0.76626
1.331
-0.31894
-1.469
-0.99181
0.69554
0.33118
-0.47742
0.28266
0.012559
1.0968
0.41933
0.083855
-0.047125
0.016313
0.10345
0.55529
-0.46385
0.34925
-0.42475
1.0611
-0.26923
-0.25269
0.097827
0.43382
0.56884
0.54087
-1.6056
0.54422
0.91981
0.21868
-1.2051
-1.0143
0.022191
0.14306
0.61805
-0.42707
-1.3333
0.17683
1.2868
-0.27153
-1.2152
-0.5572
0.59105
0.63557
0.086441
-0.70136
-0.78467
0.57496
0.58548
-0.70773
-0.45146
0.31138
0.94888
-0.52761
-0.94387
-1.0204
0.2209
0.72164
-0.23892
-0.76724
-1.042
-0.55889
0.8152
0.30535
-1.6866
0.10533
1.2447
0.35628
0.32879
-2.3452
-0.67802
1.2755
0.84347
-0.867
-0.67571
0.17808
2.3477
1.073
-0.95127
-1.3492
0.76077
1.4438
0.50808
-0.66982
-0.97112
0.15392
0.78826
-1.1664
-1.3229
-0.29709
-0.10632
0.32418
-0.45377
-0.88402
0.42693
0.42605
0.70364
-1.0796
-0.67636
0.43947
0.48495
-0.11206
-1.8376
-1.0801
0.89284
1.4168
-0.84723
-1.3352
-0.2295
1.5549
1.2044
-0.28944
-1.6739
0.22456
1.3382
0.051255
-0.51258
-0.34446
0.78179
1.505
-0.57985
-1.2904
-0.80785
-0.46793
-0.1148
-0.54087
-1.2103
-0.87615
0.20726
1.3897
-1.4588
-0.24641
0.038465
0.84751
0.37944
0.73468
-0.82402
0.13534
0.83975
0.74742
-1.2763
-0.65962
0.49642
0.56603
0.22377
-0.78451
-0.96506
0.51537
1.2283
0.26141
-1.1801
-0.37261
0.52276
0.54756
-0.78024
-0.87552
-0.18338
1.6548
0.45759
-0.55295
-1.2221
0.61604
0.64219
0.38601
-0.31979
0.69499
1.0228
1.613
0.98128
-1.4447
-0.78785
1.4607
1.1212
0.052245
-0.21764
-0.63334
-0.11458
0.034695
0.25927
-1.1008
-0.17157
0.39432
-0.45917
-1.4207
-0.31583
-0.090625
1.0953
-0.63365
-1.0424
0.6393
0.90283
0.0034117
-0.34612
-0.56076
0.20373
0.93439
0.4271
0.12753
-0.24752
1.284
-0.028744
-0.55869
-0.74499
-0.08014
0.77301
1.0004
-0.15107
-0.42268
-0.88733
0.18893
0.32213
-0.5999
-0.60133
-0.24803
-0.93816
-0.57722
-0.92679
-0.16703
-0.27842
0.47778
-0.11686
0.6128
-0.077511
0.24683
1.7712
1.5017
0.82917
1.1848
0.10485
1.0796
0.61007
-0.31244
0.42534
0.23229
-0.29507
-1.0693
-0.39782
-0.27051
-0.26505
-0.54445
-1.4462
-1.0565
-0.42343
0.46546
-0.45437
-0.80165
-0.086398
0.53483
-0.058685
0.17659
0.5017
0.23697
0.55598
1.3825
0.51917
0.9737
0.79651
1.0341
1.712
0.82808
-0.10183
-0.40169
-0.41
0.013508
-1.2197
-0.92274
-0.32113
-0.60698
-0.82626
-0.38333
-1.1453
-0.72044
-0.89111
-0.29977
-0.90534
-0.1427
0.19683
-0.66455
0.1905
0.54914
0.42027
1.1382
1.193
1.7133
0.98174
0.33022
0.94072
1.4565
0.23208
-0.45774
1.6297
0.24944
-0.43396
0.80777
-0.20037
-0.87881
-1.5034
-0.75424
-1.0491
-1.7224
-0.6227
-1.0558
-1.3255
-0.69373
-0.58182
-0.98791
-0.63243
0.38064
-0.18284
0.54609
0.032441
0.2385
0.58999
1.2414
1.0671
0.59833
1.149
1.1168
1.4481
1.493
0.92685
0.35016
-0.1215
-0.17128
-0.85409
-1.3743
-0.25786
-1.5076
-1.4954
-0.58866
-1.0764
-1.6607
-1.0698
-1.6866
-1.5608
-0.52565
0.33996
-0.25835
-0.44331
0.14527
0.29174
1.2138
1.3634
0.9818
1.0915
1.533
1.3375
0.80509
0.35863
-0.18124
0.16653
-0.35341
-0.020386
-0.49682
-1.3154
-1.9007
-1.5095
-0.33638
-0.81141
-1.6678
-0.58256
-1.5516
-0.43442
-1.4788
0.18921
-0.50339
-0.57603
1.179
0.10732
-0.39177
-0.26927
0.48776
0.65527
1.0139
1.78
0.98717
-0.34279
0.49211
1.3332
0.55072
0.7836
0.13245
-0.26317
-0.35328
-0.68305
-0.58479
-0.2727
-1.5217
-0.5398
-0.79267
-1.6287
-1.0965
-1.4638
-1.2874
-0.22525
-0.72622
-0.80213
-0.15726
-0.031377
0.076616
1.2049
0.47913
1.8472
0.95766
1.156
1.0516
0.3848
0.91962
0.53448
-0.16186
0.60038
0.68316
-0.64886
-0.68504
0.37665
-0.6489
-1.202
-0.32896
-1.5411
-0.99588
-1.4461
-1.0509
-1.3713
-0.080385
-0.3523
-0.56664
-0.032783
0.61563
0.28951
1.2591
0.81948
0.76614
2.3378
-0.26561
0.73543
0.48905
0.35777
0.73147
1.5867
0.15053
0.43612
0.38537
-0.77326
-0.15183
-0.76561
-0.46901
-1.4339
-0.21679
-1.3773
-0.82223
-0.89474
-0.9695
-0.22147
-1.1395
-0.020042
-0.27315
0.65703
0.47014
1.3325
-0.10459
0.18216
0.97609
0.0019059
0.38826
1.1062
1.2885
1.1303
1.0774
0.50235
-0.18992
1.4789
-0.57094
0.52721
0.013665
-0.77924
-0.67396
-0.067854
-0.82414
-1.1917
-0.91357
-0.73468
-0.89526
-0.66725
-1.0658
0.051757
0.12596
0.099233
-0.89372
0.73803
0.19084
0.35448
0.36479
0.64435
0.70022
1.3329
0.45254
1.3122
0.37033
0.039799
0.79129
0.37287
0.39296
0.0068981
-0.45137
-0.052232
-0.5345
-0.39692
-0.93048
-0.8798
-1.2583
-1.2021
-0.42007
-0.57068
-1.1977
-0.58791
-0.23594
0.61569
0.18157
0.23039
0.78115
0.56837
0.45674
1.1366
1.3973
1.0467
0.78092
1.074
0.85593
0.47573
0.77593
0.043372
-0.50551
-0.39325
-0.027627
-1.1661
0.0044456
-0.13413
-0.58553
-2.1346
-2.2649
-0.93327
-1.141
-0.70191
-0.77676
-0.047693
-0.069583
0.2178
-0.10847
0.85239
0.1373
0.74048
-0.43784
1.0795
1.1856
0.60927
1.0342
1.0091
1.4384
0.054521
-0.087715
0.92389
0.089939
0.029329
-0.74092
-0.51441
-1.0147
-0.74894
-1.8059
-1.6839
-1.0897
-1.2083
-0.50945
0.090091
0.066375
-0.77752
0.1104
-0.43454
0.092308
0.40709
0.078076
0.18291
0.24524
1.3194
1.3984
-0.24278
0.52143
1.0228
0.42228
0.29906
0.35605
0.18893
0.38747
-0.30083
0.42703
-0.48413
-0.2393
-0.3976
-0.87157
-1.5389
-1.1069
-0.4871
-0.25693
-0.55433
-0.55139
-0.077501
0.41494
0.59243
0.51111
2.3156
-0.31006
0.15062
-0.15507
-0.426
0.647
0.026134
0.046403
-0.61926
0.12921
1.6089
0.033688
1.1208
-0.24358
0.30701
-0.85366
0.10294
-1.3256
-1.0274
-0.41853
-0.72911
-1.0106
-0.71339
0.38557
0.65329
-0.26925
0.35822
-0.15594
0.17826
0.68691
1.3407
-0.74562
-0.19887
0.44292
0.14896
-0.09903
1.2081
0.069971
1.4881
0.26457
-0.051925
0.036563
0.13075
0.33205
-0.65032
-0.011714
-0.060495
-0.18403
-0.2748
0.28109
-0.14532
-0.009192
-0.14272
-0.16028
-0.46995
-0.37433
0.56938
-0.21601
-0.63982
-0.11994
-0.26064
0.25232
1.5183
1.0371
1.7472
0.18959
0.56134
-0.44935
0.3468
0.27677
-0.2522
-1.509
0.094062
0.019793
0.018871
-0.70829
0.20047
0.92459
0.75654
-0.11378
-0.38888
-0.6712
-0.55146
-0.82438
-1.7324
-1.0962
-0.04597
0.77473
0.50873
0.46125
0.50847
0.74983
0.93934
0.086517
0.72502
-0.23838
0.56485
-0.85547
-0.81282
-1.0909
0.32434
0.081971
1.0557
0.90944
0.19916
0.72316
0.62125
-0.81031
-0.92574
-0.67698
-1.781
-1.3218
-0.33238
-0.91615
-0.34765
-0.17557
0.97311
1.3553
0.1758
1.5372
0.61994
0.55858
-0.382
-1.1904
-1.5713
-1.0758
0.032898
0.40409
-0.31168
0.23968
2.4968
0.46399
0.97829
0.71874
-0.17537
0.09197
-1.1953
-1.1605
-1.8172
-0.75611
-0.93322
-0.36618
0.46615
1.4503
1.1836
0.45379
0.017458
0.89596
-0.7371
-0.95207
-1.0219
-0.4799
-0.2958
-1.0744
-0.24573
1.3158
0.73967
0.94664
1.1663
-0.11953
0.40137
0.27471
-1.1426
-0.87793
-0.90873
-1.2014
-0.73847
0.27749
0.045916
0.74707
0.34046
-0.28013
-0.414
-0.062254
-0.65719
0.38461
-1.3817
-1.4991
-0.85039
-0.91907
0.11053
0.25764
1.296
0.87407
2.3324
0.83094
0.22725
0.21612
-1.0134
0.098513
-1.135
-0.60089
-0.88856
-1.0431
-0.017563
0.59359
1.0166
0.38878
1.2122
0.79814
0.54779
-0.85352
-0.60901
-1.6983
-1.3532
-0.86758
-0.91397
0.50441
0.39096
1.057
1.475
0.48573
1.3589
-0.062322
-0.22846
-1.632
-0.14589
-0.78795
-1.1355
-0.12615
0.062879
1.1768
2.0558
1.1793
1.7111
0.7789
0.35451
0.39575
-1.3565
-1.4427
0.0082628
-1.8946
-0.63011
-1.1464
1.3498
0.81129
0.24686
0.67104
0.59953
1.3738
-0.68207
0.084534
-1.3168
-0.60544
-0.47779
-1.4676
-0.057943
0.039606
0.37032
1.8762
1.0074
1.1719
0.16059
-0.44152
0.65942
-0.36363
-0.88084
-2.1574
-1.1811
0.96066
-0.21202
0.36478
0.59218
1.1217
1.1808
0.55967
-0.31258
0.094591
-0.73132
-0.48266
-1.2557
0.24017
-0.079822
-0.19189
0.90851
1.2427
0.98582
1.0316
0.28504
0.15461
-0.66401
-0.45444
-0.6137
-1.3453
-1.3848
-1.0788
0.21681
0.18064
0.40769
0.67005
0.86509
0.55442
-0.64458
-0.22306
-0.093212
-1.6894
-1.1752
-1.8142
-0.79546
0.37703
0.39418
1.3778
0.90069
0.87621
-0.22046
0.27743
-0.82474
-0.26352
-1.2446
-0.36321
-0.62337
0.22525
-1.332
-0.11596
1.1449
1.239
0.73017
1.0429
0.3307
-1.0603
0.011769
-0.48417
-0.82992
-0.99101
-0.19268
0.33153
0.90984
0.97388
0.71471
1.1465
0.21241
0.90832
-0.25129
0.090075
-0.38032
-0.83696
-0.16582
0.21391
-0.72241
0.42416
0.34213
0.99015
1.0377
0.95813
0.67579
-0.31392
-0.48826
-0.96927
-1.3034
-0.87578
-0.15596
0.36933
0.71816
-0.20239
-0.12759
0.034899
0.7649
0.052389
-0.28719
0.12554
-0.68111
0.92368
0.060724
-1.0409
0.17648
-0.14655
-0.98616
-0.03277
0.34828
0.19964
0.3942
0.48073
-0.069462
-0.2194
-0.067741
-0.52997
0.58748
-1.3774
-0.074627
-0.40695
-0.22946
0.16384
-1.2034
0.73504
0.27743
0.7609
-0.70608
-0.7447
0.47461
0.46529
-0.031444
0.40285
0.04965
0.62721
0.45477
0.82912
0.09696
-0.23123
0.66301
0.96665
-0.76911
-1.2359
0.063062
0.06245
-0.40574
-0.42152
-0.053751
-0.2525
0.38666
0.0086027
-0.11676
-0.68325
0.23479
-0.1887
-0.21296
-0.7032
-0.59864
0.10131
-0.34015
0.83131
-0.56043
-0.37812
1.0203
1.2799
-1.0663
-0.58324
0.00673
0.6768
0.32681
0.15759
0.40769
0.64029
1.1276
0.62448
-0.19216
-0.7988
0.3818
0.96307
-0.82657
-0.62353
-1.0768
0.14027
1.64
-0.49866
-0.84733
0.19018
1.1637
0.87259
-0.70053
-0.29587
0.27738
0.30121
0.92177
-0.58012
-0.56138
0.25905
-0.35654
0.42985
-0.58389
-0.87929
0.4705
0.11495
0.1862
-0.16625
-0.31929
0.48529
0.32214
-1.1155
-1.4407
-0.82471
0.11786
0.63072
-0.10595
-1.3048
-0.21116
1.4188
0.21723
-1.1484
-2.1292
1.0819
1.0594
0.81035
-1.7614
-0.53597
1.6473
0.85487
-0.46818
-1.5322
0.25212
-0.085925
0.73382
-0.80205
-0.45253
0.35617
1.2324
0.36399
-0.84725
-1.797
-0.075265
1.0663
-0.34129
-1.0443
-0.73612
0.58668
0.27863
0.60975
-0.52182
0.74858
0.67579
0.28407
0.10542
-1.3759
0.11979
0.92054
1.8727
0.51931
-0.39585
0.23436
1.2481
1.0683
-0.24003
-1.2987
-0.050408
0.44552
-0.70464
-1.7153
-0.54074
1.0675
1.2867
-1.0136
-1.2421
-0.21985
1.0983
0.4923
-0.41808
-1.0692
-0.74884
1.7075
0.1878
0.56407
-0.76993
0.45071
2.0709
0.1797
-1.0624
0.23698
0.27517
1.4365
0.075028
-0.69484
0.024728
-0.06947
0.27526
-0.56233
-1.4565
-0.52351
1.3452
-0.55362
-0.32447
-1.7233
0.57313
-0.16391
1.312
-0.67934
-1.379
0.34352
0.62737
-0.80992
-0.52372
-0.18057
1.2576
1.4096
-0.97665
-0.92409
0.37372
1.7741
0.6987
0.5637
-0.15166
-0.5576
0.79645
-0.33057
-0.86125
-1.1363
-0.47013
0.18834
-1.0822
-1.468
-0.83782
-1.1236
0.37632
0.24939
-0.73823
-0.37986
-0.24016
0.019016
0.33084
0.21333
0.92932
1.3544
-0.028354
-0.29465
0.28007
0.56695
1.1927
0.079542
-0.78966
0.83443
-0.20702
0.49842
-0.73186
-0.22708
0.077413
-0.7607
0.71716
-1.1256
-1.4477
-0.79698
-0.18598
-0.5306
-0.79566
-0.20145
-0.3214
-0.26545
0.56949
0.56438
0.55478
0.22534
1.2552
0.2276
0.53068
0.76098
0.90419
1.2827
0.90883
0.24768
0.11993
0.0572
0.41167
-0.16858
0.58998
-0.43172
-0.42252
-1.6281
-1.2985
-1.3279
-0.78511
-0.52427
-0.9071
-0.15881
-1.5236
-0.023497
-1.1663
-0.63507
-0.36315
-0.9566
0.060186
1.7728
1.1943
0.82907
1.523
0.87765
1.0759
1.7819
0.24662
1.2177
1.046
0.52601
-0.12017
-0.68446
-0.44981
-0.64293
-1.6123
-1.0711
-0.53847
-1.4064
-1.1809
-1.8631
-2.1344
-1.244
-0.32394
-0.0056042
0.23905
0.38556
-0.73011
-0.0094314
-0.78714
0.26749
0.55377
1.1676
1.628
0.73638
1.5405
0.98061
0.49148
0.44603
1.0287
0.072277
-0.61657
0.67337
-0.072723
-1.175
-1.3485
-1.1906
-0.047888
-0.062449
-1.0272
-1.7838
-0.75875
-0.75784
-0.49843
0.25478
-0.39412
-0.85493
0.25175
0.21841
0.47838
0.87282
0.55866
0.98613
0.79677
0.51989
0.81379
1.1221
1.8026
0.72292
0.43189
-0.10463
0.27814
-0.43284
-0.49606
-0.96445
-0.14174
-0.063062
-0.8322
-0.084329
-0.87863
-0.88737
-0.99675
-0.83088
-2.0292
-0.11734
-0.51415
0.38644
0.39641
0.48235
-0.39016
1.1281
1.209
0.91301
1.3545
1.4609
0.98388
1.3273
0.94038
1.4035
0.8684
-0.00033035
-0.4148
0.21184
-0.65158
-1.1796
-1.3022
-0.58232
-0.119
-1.1211
-0.17466
-1.2231
-0.5492
-1.4294
-0.99886
-0.057156
0.035508
-0.37597
0.25981
0.19184
0.51378
0.48962
0.10808
1.2553
-0.12721
1.8683
0.51351
0.53952
2.1284
0.59424
0.42646
-0.42953
0.52715
0.54672
-0.046841
-1.6595
-0.94757
-0.57916
-0.44249
-0.89369
-0.93387
-0.41209
-1.029
-0.08535
-0.55073
-1.399
0.45116
0.61829
0.36612
-0.2206
0.61721
0.14814
0.78066
-0.28166
0.53642
0.50555
0.74397
2.3101
1.9098
-0.60477
1.7432
0.059185
0.68923
-0.53249
0.62257
0.71119
-0.33138
-0.46036
-1.055
0.62927
-0.615
-1.4498
-0.38395
-1.701
-0.31278
-0.75387
-1.7658
-1.3752
0.92927
0.19838
-0.64736
1.3121
0.67165
1.1088
1.2897
1.1953
1.0498
0.86487
0.1727
0.7582
0.29318
1.0576
0.32419
0.49965
-0.36871
-0.091986
-1.4322
-0.87995
-0.93408
-0.50239
-0.94507
-1.6645
-0.61509
-1.4214
-0.066486
-0.1743
-0.057799
0.63341
0.11241
0.76011
-0.22097
1.1893
1.2609
0.8908
1.3071
0.34669
1.275
0.43843
1.5344
0.81401
1.1373
-0.01981
-0.66576
-0.57401
-0.862
-1.1526
-0.70146
-0.8495
-0.81039
-0.85562
-0.88581
0.34424
-0.13927
-0.11981
0.15424
-0.49337
-0.18874
-1.0346
0.39215
0.82927
-0.16312
1.3825
0.59004
1.1359
1.0097
0.33046
0.69923
0.86327
2.4011
0.78068
-0.55381
0.2406
-0.014799
-0.72263
-0.60991
-0.12504
-1.7499
-0.64321
-1.5617
-1.6351
-0.78828
-0.97533
-0.84755
-0.86502
-0.17064
0.35981
0.50626
-0.60589
0.46893
1.3596
1.9319
0.71633
0.35675
1.3563
1.2748
0.73176
1.7679
1.3676
1.0065
-0.68012
0.0056831
-0.61815
-0.6813
-0.51214
-0.14885
-0.45699
-1.0455
-0.64411
-1.5199
-0.76842
-0.6169
-1.4806
-0.53339
-1.0451
0.017654
0.41641
-0.40937
0.43438
-0.045928
0.16311
0.42404
-0.065117
1.7121
1.4019
0.66635
-0.10835
0.53676
0.44776
0.27621
0.44381
-0.34512
0.81007
1.1659
0.039233
0.24553
-0.93175
-0.74736
-0.54448
-1.1653
-0.70084
-0.23851
-0.3292
-0.028904
-0.83848
0.30009
-0.50187
-0.49881
-0.46251
0.44416
0.64749
0.72722
0.44741
0.87357
0.089579
1.3833
0.65507
1.0996
1.5279
-0.11379
0.13854
-0.98904
0.12824
-0.47712
-0.17323
-1.0379
-0.99112
0.46652
-0.50037
-1.4878
-0.48746
-1.7772
-0.16583
0.019567
0.055168
0.19176
-0.31249
0.15049
-0.64002
-0.15713
0.72497
1.2363
1.4118
0.58592
0.50122
0.73426
1.1524
0.75146
0.097697
-0.22184
0.95004
-0.35073
0.90617
-0.38105
0.67034
-0.29619
0.13249
-0.52115
0.16376
-0.9182
-0.32756
-1.224
-0.65226
-1.1232
-0.26629
-1.2744
0.36744
-0.85438
1.7434
0.70844
0.16135
0.17833
0.2574
0.13765
-0.40712
1.3061
0.13322
0.20064
0.061314
0.19943
-0.39226
0.58953
0.72475
0.027198
-0.26459
1.0699
-0.52596
-1.876
-0.55132
-0.95092
-0.74754
-1.1403
-0.84277
-0.67802
0.3785
0.032787
0.86482
0.54389
0.10331
1.1191
0.082105
0.062026
0.20574
0.20203
0.35177
-0.59913
-0.10207
0.54077
0.44763
1.4039
1.278
0.64265
-0.066782
0.63898
-0.94056
-1.2938
-1.4733
-1.0844
-1.4902
-0.50658
-0.8073
0.15545
0.3868
0.45292
0.58956
0.301
0.33003
-0.23093
-0.17057
-0.13931
0.020339
-0.30378
-0.014406
0.048176
0.35402
1.3969
-0.38853
2.2776
-0.023621
-0.41294
-0.15119
-0.17268
-1.1925
-0.64471
0.084522
0.34718
-0.65897
-0.60607
-0.1758
0.8667
1.3519
1.1216
-1.0686
0.28776
-0.75066
-1.0733
-0.50998
-0.51834
0.44262
0.47166
-0.035213
-0.40246
0.98868
1.2843
0.94637
0.98302
0.0068149
-0.20635
-0.7339
-1.0227
0.072914
-1.7822
-0.64975
0.12748
-0.043243
1.9152
0.9043
1.5691
0.30982
-0.92906
-0.35632
-1.4637
-1.0424
0.6947
-1.7917
-0.23726
-1.802
0.47966
1.0559
1.9291
2.613
1.5086
0.67446
-0.01262
-0.22448
-0.54241
-1.3281
-0.026968
-0.41671
-0.64158
-0.096791
0.64963
1.3306
1.3355
0.36322
-0.23667
-0.56827
-0.38268
-1.1192
-2.1488
-0.64744
-1.5386
-0.70916
0.39211
1.5815
1.4023
0.23157
0.81827
1.6452
0.053846
-0.070505
-1.1223
-0.76332
-2.0903
-0.43051
0.012874
-0.095689
1.5756
2.4173
0.54082
1.6012
1.5287
0.095049
-0.39513
-0.33988
-1.4999
-0.72151
-0.38892
-0.58773
-0.41934
0.74599
1.3952
1.6882
0.93001
0.50253
-0.33007
-0.96997
-1.2125
-0.97062
-0.86031
-1.1138
-1.4959
-1.4812
0.49596
1.077
1.8933
2.0238
1.3931
1.0256
0.084247
-0.34132
0.079911
-0.59207
-1.3862
-1.9106
0.44018
0.55
0.83194
-0.4572
0.93022
0.61172
0.32575
-0.24701
-0.43553
-0.59434
-1.1939
-1.7949
-0.69127
-1.2255
0.041363
0.3115
1.0299
0.81357
1.8015
0.78888
0.69655
0.128
-0.50212
-0.26916
-0.25713
-1.2921
-0.30038
-0.23102
0.70816
0.94942
0.092379
0.45088
0.73155
0.24586
-1.0965
-0.40528
-0.66724
-0.52624
-1.0754
-0.71867
-0.87932
0.56167
-0.17124
0.69277
0.79207
1.1015
1.0076
0.48143
-0.78457
-0.39789
-0.34606
-1.0449
-0.28865
-0.9012
0.10487
0.944
0.64483
0.57044
0.92313
0.34475
-0.41515
-1.0621
-0.69225
-0.64917
-1.0154
-2.0014
-0.06432
-0.89581
-0.1192
0.23285
1.1427
0.49544
0.68206
1.2779
0.16336
-0.020366
-0.96763
-1.1051
-0.2611
-0.63444
0.089173
0.40852
0.44327
1.1827
0.27121
0.70941
0.16677
-0.12382
-0.4808
-1.1181
-0.91585
-1.7359
-0.7084
-0.0052212
0.88306
-0.044105
0.59529
0.79971
0.053271
1.4522
0.031656
-0.56412
-0.065903
0.031096
-1.0053
0.19054
-0.63558
0.79009
0.16254
1.0358
0.81467
0.33764
0.076373
-0.036744
0.35632
-0.60978
-0.32631
-0.82373
-0.37921
-0.83629
-0.11587
0.3057
0.45164
0.098752
0.95096
1.1736
-0.4979
0.40775
-1.1747
-0.62445
0.057436
-0.95629
-0.2888
0.40766
0.31904
-0.21832
0.2895
0.87532
0.51684
-0.39452
-0.51805
-0.37272
0.17437
0.045854
-1.4247
-0.71717
-0.089455
0.070298
0.29359
-0.57152
0.17702
0.42084
-0.15124
-0.60051
0.18932
-1.2421
0.00094328
0.016446
-0.42317
-0.97462
-0.31772
0.62174
0.37806
0.92499
0.90047
1.0428
0.90814
-0.48893
-0.17531
-0.13144
0.68877
0.55292
-0.50292
-0.48733
-0.92157
-0.33217
0.96405
0.071164
0.062657
-0.27217
-0.23909
-1.1241
-0.31589
-0.73484
0.34393
-0.069793
0.29997
-0.1206
-0.13687
0.42587
-0.42466
-0.47112
-0.94711
-0.39827
1.009
1.2257
-0.54523
-0.26769
-0.49691
0.71036
0.85702
-0.30862
-0.20242
0.050526
0.61026
-0.087638
-1.1907
0.012197
0.43331
1.1318
0.23445
-1.1792
-0.10696
0.71228
1.0001
-0.32695
-0.087394
-0.73283
0.58877
0.57951
-0.31004
-1.132
0.11098
1.0344
-0.15779
-0.040351
-0.43977
0.65164
0.80689
0.5238
-1.1468
0.078651
1.3683
0.40712
-0.29335
0.0108
0.12826
-0.38638
0.25766
-0.86002
-0.38799
0.11935
0.7275
0.58069
-0.10403
-0.70492
-0.70943
0.80417
0.23871
-0.3304
-0.95115
0.472
1.7888
-0.87744
-0.73605
0.82118
0.88025
1.5048
0.62848
-1.284
0.44158
0.57996
1.2746
-0.45607
-0.67278
0.56953
1.1927
-0.1274
-0.54452
-0.25458
0.93101
1.5924
-0.37613
-1.178
-0.28303
0.24469
0.58933
0.48916
-1.008
0.38935
0.65513
1.1655
0.015244
-1.1151
0.2441
2.1634
0.95744
-0.84709
-0.24602
1.2112
-0.10607
-0.70078
-1.5107
-0.42022
0.91421
1.0034
-0.17458
-0.93334
0.17334
0.79654
0.73119
-1.3172
-0.50532
-0.3913
0.72857
0.31706
-1.3274
-1.1735
-0.35203
0.94102
-0.26555
-0.2467
-0.76695
0.26891
1.4819
0.4761
-0.35959
-0.85503
1.356
0.73727
-1.2575
-1.7916
-0.56662
1.3679
0.68606
-1.052
-1.4501
0.10017
0.68469
-0.47095
-0.02379
-0.95563
0.60701
0.99898
-1.2524
-1.2612
-0.76863
0.511
0.25847
-0.45154
-0.7852
-0.09652
0.95465
0.58689
0.36014
0.19009
0.15459
0.38769
0.18171
-0.91248
-0.77833
0.44566
0.13799
0.31352
-0.87519
-0.99559
0.56958
0.90497
0.066598
-1.7843
-0.71555
0.40846
0.45765
-0.88473
-1.6817
-1.2429
0.8731
0.84716
0.015836
-1.1059
0.056852
1.3927
1.3477
0.7427
0.49336
0.46727
2.1268
0.44943
-0.35223
0.081355
1.0629
0.63543
0.27986
0.098997
-0.181
-0.4487
0.11688
-0.47392
-1.5694
-1.0888
-0.058462
0.17991
-1.5677
0.052414
-0.11297
-0.21537
-0.23198
-0.72403
0.41789
0.78453
1.2832
0.50472
0.0062375
0.81938
0.065881
0.44475
0.92696
0.15158
0.51454
0.61145
1.3784
-0.74449
0.43876
0.045914
0.0069907
-0.041614
0.42062
-0.60591
0.24814
-1.2882
0.51003
-1.1939
-0.64553
-0.27768
-0.80549
-0.7966
0.49846
-0.088018
-0.68587
0.37941
0.29289
0.7777
0.19191
1.0498
1.7359
0.39772
0.94155
0.85909
0.84582
-0.45451
1.1141
0.41216
0.091676
-0.46598
0.55788
-0.298
-0.29612
-1.2908
-0.57103
-0.15834
-0.76709
0.23489
-0.98458
-0.22048
-0.30697
0.079303
-0.4511
-0.18616
-0.040398
0.48843
0.37925
1.3355
1.1123
1.4545
1.4536
0.73044
0.83718
1.1437
0.86859
1.4149
1.3024
0.38479
-0.68668
-0.089583
0.1293
-0.53594
-1.9273
-0.90166
-0.57429
-0.49852
-0.77551
-1.9664
-0.86932
-0.14088
-0.399
-0.56648
0.057348
0.94976
-0.05465
-0.47609
-0.32135
0.186
0.3135
1.4003
1.3394
0.64601
0.97439
1.0417
-0.13218
1.2037
-0.31874
0.51444
-0.23442
0.1835
0.40821
-1.4317
-1.2841
-0.95522
-0.38469
-2.5464
-0.48446
-1.9824
-1.0051
-0.88809
-0.35209
-0.41105
-0.33298
-0.88283
-0.58235
-0.133
1.0758
-0.43704
1.4746
2.0833
1.2591
1.1298
1.1103
1.0937
0.81705
1.1777
1.4067
0.95116
-0.20437
-0.66543
-0.06413
-1.3922
-0.11481
-1.1141
-0.71496
-0.082964
-0.97119
-0.82923
-1.4683
-0.71305
-0.49917
-0.34188
-0.35511
-0.53607
-0.23007
0.51475
0.12724
0.64023
1.7137
0.38801
-0.079381
0.59465
1.9654
0.83587
0.39509
1.0733
0.36647
0.72059
0.84606
-0.39731
-0.18199
0.33027
0.7426
-0.64684
-0.63015
-1.0588
-1.6397
-1.2186
-0.97154
-0.85391
-0.70881
-0.095455
-1.5592
0.15234
-0.26538
0.74229
-0.112
0.68786
1.5383
0.77001
0.99265
1.5228
0.99653
1.8795
0.64657
0.041844
1.5263
0.26333
-0.32074
0.24964
-0.81424
-0.62059
-0.91351
-1.1794
-0.93015
-0.63255
-1.1402
-1.0947
-0.44685
0.40072
-1.7124
-0.67062
-0.4576
0.91353
-0.45672
0.79981
0.14259
1.195
1.1487
2.1036
-0.077773
1.1056
1.4943
0.77195
0.98389
0.7537
1.1507
-0.22669
-1.0118
-0.45912
-0.1071
-1.0556
-1.1888
-1.366
-0.90068
-2.1683
-0.64545
-0.87672
-2.4559
-0.593
-1.0017
-0.59528
-0.75236
-0.075394
-0.035324
0.65795
0.92882
1.0999
1.7498
1.234
1.3137
0.83476
0.6327
0.97676
1.2399
0.75254
0.59743
-0.31577
0.52578
-0.5408
