0
0.32344
0.21286
0.8292
-0.15746
0.24186
0.40247
1.4736
0.22625
1.3151
1.8301
1.4648
1.3678
-0.09048
-1.8379
0.42794
-0.24426
-0.15649
1.2554
-0.17049
0.070668
-1.1309
-1.6894
-0.40719
-0.19453
-1.0199
-0.49147
1.1777
-1.8219
-1.6874
-0.1441
-0.29407
0.0059028
2.1656
1.5925
0.83473
1.7028
1.8576
0.18488
0.45276
-1.246
2.8362
0.0031848
-0.88943
-1.4818
0.82986
-0.35844
0.88298
-1.7617
-0.42837
-1.4606
-1.0788
-0.91849
-1.3942
-0.083324
-0.52451
0.7121
-1.2126
0.48138
0.32054
0.41294
-0.018522
1.377
-1.3543
0.45239
0.023169
0.57931
1.6397
1.4775
2.2256
1.0034
0.76382
0.22025
-1.4287
0.44477
0.32464
-0.43456
-0.81569
-1.4246
-0.10847
0.50607
-1.2552
-0.96269
-1.7815
-0.51545
0.80293
-1.3032
-0.047547
1.1408
-0.58021
-0.38296
0.82954
2.0562
-0.0080725
1.9083
0.32891
1.1623
1.781
-0.17003
-0.019272
-0.65643
-0.89939
-1.1924
0.9463
-1.0012
-0.74931
-2.0922
-0.38549
-2.4298
-1.3484
-0.70625
-0.48259
-0.08516
-0.064675
-1.727
0.42214
-0.20742
-0.69431
-0.88785
-0.12775
1.0361
0.82848
-0.028927
1.1184
-0.040869
-0.39775
2.4849
-0.59652
0.86652
0.92613
0.12007
-0.36949
0.27272
0.26141
-0.17081
1.8761
-1.8544
2.0711
-0.25161
-0.52559
0.42286
0.93775
-0.080479
-0.22195
-0.54688
-2.4493
-0.61201
-0.28917
-0.86473
1.6112
1.8172
1.3707
1.4455
-0.7073
-0.98979
-1.4387
-0.98048
-1.4433
0.75841
0.70345
0.74738
0.56015
0.14429
0.91036
0.30612
-0.90079
0.078877
0.80085
-1.2876
-0.27632
0.083639
-1.6667
0.85491
-0.44219
-0.23248
0.65416
-1.2502
0.31466
-1.7443
-1.1883
-0.38152
1.1168
-1.5363
1.0303
-1.8864
0.60328
0.35745
0.80716
-1.011
0.78269
2.375
-0.45081
-0.43711
0.31291
-0.97159
-1.207
-2.2638
-1.6276
-1.0119
0.46984
0.85515
2.1602
2.1234
-0.51762
1.3566
1.3605
-0.43257
-0.222
-0.85638
-1.9231
-2.1781
0.81227
1.3741
0.47856
0.2251
1.4119
1.5372
1.0962
1.1895
-0.95829
0.067982
-0.4793
-0.022125
-0.42471
-0.85903
1.7621
0.56489
-0.20906
0.58519
1.2893
1.6616
0.70668
-0.63866
-0.73127
-0.52026
-1.2376
-0.36798
-1.126
-0.90829
0.43058
1.4592
2.0289
1.2969
-0.28689
1.0696
1.0337
-1.233
-0.69699
-1.5926
-0.91882
-0.88956
-1.9351
-0.23086
0.73176
1.2355
1.6076
0.96867
1.4023
-1.5983
-0.65882
-1.3233
-1.4818
-1.5681
-0.70185
-1.0137
-0.60388
1.0746
0.64781
1.2304
1.8241
0.45319
0.59296
0.9518
-0.23801
-1.0079
0.66703
-1.2638
1.8474
-0.47678
-0.59762
0.50909
1.9017
1.6787
0.1556
1.6857
-1.4438
-2.4928
-1.2988
-1.4779
-1.2478
-1.6024
-1.567
0.82024
1.0867
1.2661
0.76947
1.13
0.58057
-0.64554
-0.33859
-0.39221
0.41844
-1.6826
0.13306
0.28616
-0.093664
0.15823
0.48763
0.13444
0.98477
0.17079
0.094224
-0.61624
-0.53031
-2.3695
0.13421
-0.94642
-1.5342
-1.2649
-0.41446
-0.45999
1.126
0.39137
0.22485
1.4148
-0.38578
-1.5422
-0.83135
-1.14
-1.4751
-0.20224
0.047009
0.22909
1.3638
1.9931
2.5449
0.39728
-0.67475
-0.74104
0.80761
0.58957
-0.6886
-0.58861
-1.2879
-0.67444
0.71784
0.67371
0.022845
2.2591
1.5804
1.1937
-0.29948
0.82481
-0.78987
-2.1991
-0.70838
0.38192
-1.4058
-0.30906
0.33672
-0.55619
0.39517
0.042369
-0.56379
0.83022
-0.095193
0.28761
-0.8754
-0.83514
0.26722
-0.091213
0.42098
1.5935
-0.45774
2.1917
1.1565
-0.55481
1.3497
-0.0030036
-0.91027
-1.4069
-0.77091
-1.6417
-1.2613
-1.0559
1.9749
0.47705
1.5395
-0.060291
1.5149
-0.17845
0.37219
0.49512
-0.23133
-0.39046
0.0811
-0.60743
-0.08484
-0.31991
-0.53837
0.69405
-0.46995
-0.11163
1.5327
0.66654
-0.57938
-0.53465
-1.0207
-0.022585
0.39797
-1.0926
0.036779
-1.3883
-0.61465
-1.7003
-0.58812
0.42853
-0.18624
0.46659
1.7727
0.21787
-0.8416
-1.4374
0.42172
-1.3431
-1.4631
0.7789
0.85353
0.52992
1.38
1.3999
0.016707
-0.21375
0.25384
0.5592
-1.2201
-0.3015
0.13661
-0.20535
0.85087
0.34128
0.89575
-0.46602
-1.0192
-1.565
-1.0464
-0.66607
-1.2935
-1.0493
0.88746
0.26644
-0.26742
0.6058
-0.40697
1.8449
0.28522
0.51846
-0.49673
1.1105
0.44296
0.28907
-0.66784
-0.26094
-0.60736
-0.62797
-1.9681
1.9112
-1.1526
0.43598
0.52202
-0.97456
-0.72077
0.50272
-0.48732
0.18299
-1.3662
0.52969
-0.58052
1.9807
0.78019
0.77597
-0.82655
1.2119
1.2119
0.56908
-0.038895
-1.1545
0.79947
1.0624
-0.016559
0.36697
-1.3975
0.45046
0.32026
0.68365
-1.3406
-0.9496
0.070218
0.3666
0.42786
-1.3305
0.73517
1.9132
0.70544
1.3225
0.54504
0.42967
-0.20503
0.66322
-0.95195
0.92827
0.57838
0.50984
0.38898
-0.68461
0.17047
0.99587
1.5379
1.2223
-0.40597
-1.4874
-0.43175
1.0661
-0.84557
-1.2967
0.03193
-1.1425
0.70688
-0.66905
-0.69787
-0.3827
1.6647
-0.46131
-1.1241
-1.2022
1.2394
0.66045
0.095372
-1.2271
-0.2214
1.3917
0.43618
-1.2827
-1.2777
0.14994
0.65879
0.6596
-0.45619
0.23887
-0.38799
1.1507
-0.22921
-2.0687
-0.22021
-0.086353
0.89868
0.16686
0.32214
0.49414
0.11716
0.16182
0.38847
-1.8357
-1.9588
1.2087
0.57389
-0.5301
0.13994
-0.40624
0.07193
1.9639
-0.68309
-1.1748
0.56495
1.5411
-0.8726
-0.63718
-0.91657
1.7354
2.776
0.088744
-2.467
-0.12909
2.4561
0.73366
-0.73684
-1.1145
0.14928
0.9352
-1.6843
-1.4273
-1.0513
0.049543
0.13929
-0.82071
0.55927
0.86331
-0.92577
0.13005
-0.10186
-1.1057
-0.77063
0.41199
1.551
-1.2324
-0.86936
0.77431
-0.49935
1.3808
0.64914
-1.3474
0.89273
2.3913
-1.6884
-0.32329
-1.4898
0.25888
-0.038911
-0.22492
-1.1799
-0.86608
2.1592
0.59367
-0.42099
-1.2606
0.64116
0.80622
0.8985
-0.7971
0.17269
-0.92199
-0.62466
1.0767
-0.59722
-3.493
-0.14227
0.94079
-0.24559
0.20579
-1.6894
-0.77735
0.80468
0.17189
-2.4447
-0.8062
-1.0889
-0.40756
-1.0373
-2.0483
-1.4673
-0.49725
0.36871
-0.58201
-1.1136
0.92129
0.42412
-0.16483
-1.317
-1.0585
1.274
1.7446
0.28113
-0.014157
-0.35362
1.5754
0.26145
-1.3884
-1.3321
1.2003
1.6198
-0.25869
-0.15488
-0.9835
2.0946
-0.0017136
1.4817
-0.057842
-0.55232
1.0991
0.61851
-1.2339
-0.21096
-0.6596
-0.6758
1.2831
-0.2247
-1.2656
-0.64793
-1.5537
0.44207
0.63078
-0.14052
1.5527
-0.64745
-1.92
-0.11185
0.12383
0.89359
2.142
-1.0252
-0.2947
1.3939
-0.73901
-0.98358
-1.4942
0.19828
-0.18403
0.25235
0.62741
-1.5106
-1.9976
-1.1762
-1.5119
-0.0055203
0.81381
-0.00094975
0.022159
1.5796
1.0987
0.1895
0.091133
2.9822
0.69216
0.065265
2.1807
1.4115
1.3289
0.43345
-0.024714
-0.61424
-0.36924
-0.53772
-0.46195
1.1924
0.016932
-1.8465
-1.0664
-1.3799
-2.6803
-0.99103
-0.58917
-1.1707
-0.38517
-2.0223
-1.0119
-1.5513
-0.94425
0.51086
-0.071513
-0.28045
1.4758
0.059612
1.0152
0.61358
-0.46616
1.2572
0.89186
0.68426
1.2906
1.2374
-1.182
1.0386
-0.31936
-1.033
-1.2414
-1.6284
-0.41907
-0.94073
-0.077054
-0.0024327
-1.193
-0.15447
0.8032
-0.57991
-1.0608
-1.1717
-0.78139
-0.97196
1.3178
1.5363
0.20782
0.35466
1.6059
0.85069
0.64318
0.76226
2.571
0.62635
1.0715
1.646
-1.0296
0.81416
0.3703
-0.74975
-1.458
-2.9987
-1.1484
-0.32662
-1.5676
-0.57301
-1.3109
0.905
-2.2126
-1.649
0.046771
0.76925
-1.1954
-0.77454
0.61482
1.7594
0.74563
2.4129
1.2718
1.7183
-0.34988
2.0072
0.72916
0.46625
0.31557
0.52825
-1.3175
-0.48602
-1.102
-0.95177
-0.85108
0.96945
-0.57848
-1.3532
-0.72475
-2.4979
0.65119
-1.2877
-1.6001
1.2203
-0.65522
0.22187
0.55824
1.2538
-0.67682
-0.211
-0.047778
-0.30133
1.504
1.1596
1.3846
0.30702
1.3043
1.4271
0.24521
1.0628
0.17682
-1.4347
0.65418
-0.20901
-2.6067
-1.0629
1.7146
-0.56066
-0.63758
-0.92111
-1.1699
-0.053687
0.16068
-0.26257
0.55029
-0.37138
0.33438
0.29442
0.061901
1.3601
0.48218
1.0805
2.5929
1.5338
0.54616
0.7816
1.2757
-0.7571
-0.51524
0.72337
2.0429
1.1224
-0.29849
-1.215
-0.5096
-1.4344
-0.59797
-2.0632
-1.7287
-1.7587
-0.58291
0.76266
-0.30001
-0.31131
1.2797
2.4957
-1.4408
0.20914
1.5489
1.3825
1.3898
1.0964
1.9229
0.5181
1.8425
0.55322
0.70739
1.9109
0.91275
-0.047294
0.93469
-0.88349
-0.65805
-0.86984
-2.3589
-1.5798
-1.2077
0.36337
-1.9886
-1.5507
-1.8393
-1.49
0.10266
-0.51877
-1.3074
0.12205
0.73598
0.1175
0.52572
2.2098
1.1965
1.7261
1.0685
2.3175
0.39877
-0.41354
1.8422
0.99402
0.0074722
0.087646
-1.0299
-0.63828
-0.77468
0.093461
-0.017595
-2.0148
-2.3705
-1.0434
-0.053626
-1.7359
1.6591
0.8453
-1.3321
1.0572
-0.95465
0.32789
0.76625
1.6006
0.45145
-0.27724
1.4647
0.3535
0.78479
-0.7639
2.6344
1.0348
1.2069
0.10373
0.22222
1.619
-1.127
0.50939
0.80375
-0.10861
-2.3515
0.26001
-3.5769
-0.38558
-0.095367
-0.53236
-0.40977
-0.23259
0.67691
-1.4419
-0.27518
0.88105
-1.4319
-0.9747
0.77021
0.69665
0.0020616
0.1313
3.2433
1.2022
1.999
1.3063
0.16547
-0.3716
0.039795
0.52797
1.556
-0.77497
-1.8981
-0.1464
-1.4567
-1.599
-0.83661
-0.25824
0.009201
-0.85949
-2.2397
0.63691
-1.6692
0.45491
0.36922
0.099487
0.94946
-0.10415
0.58045
1.2091
-0.10517
1.4592
1.4886
0.94504
2.2016
1.6354
0.95023
0.12538
1.4635
1.4419
-0.42784
-1.8062
1.3693
0.32255
-0.85415
-0.96664
1.0897
0.27938
-1.8075
-1.1472
-1.4791
-0.36116
-0.95419
-2.0167
-1.0431
-1.424
1.71
-0.81807
0.091009
0.34748
1.1933
0.59967
2.2061
2.9285
0.65313
0.47854
-0.24372
0.041153
0.39498
-0.061042
1.079
1.4688
0.67736
-0.15576
-0.54574
-0.33743
0.30218
-1.9785
-0.45922
-1.9427
-1.0287
0.22136
-0.30304
1.4529
1.2154
0.53993
1.8343
-0.7767
0.19697
1.4782
-0.43779
1.507
0.95068
0.71289
0.37088
1.3134
1.7424
0.11927
1.5221
-0.84447
-0.52183
0.33669
-1.1957
0.22382
-2.4809
-1.913
-2.1451
-1.0718
-1.2046
-1.4287
0.85493
-0.83976
1.091
0.96187
-0.33728
-0.2234
-0.38588
0.91899
0.031946
-0.34603
-1.3204
1.7727
0.57056
0.24608
1.213
-0.14837
1.7066
0.84771
0.96382
0.35123
-0.86307
-0.1447
-0.21962
-0.62956
-0.67467
-1.8991
-0.81987
0.56239
0.37844
-1.3658
-0.31342
0.5318
0.81047
-1.5456
-0.062751
-1.0503
0.35834
-0.41573
0.3584
2.124
0.05323
0.65156
1.666
0.5471
0.073903
0.62156
-0.072375
0.036028
-0.94846
0.60821
-0.00165
-0.25303
-1.9514
0.96436
0.10672
-1.1235
0.10734
0.88512
0.061361
-0.041369
-0.63902
-1.9851
-0.074895
0.15368
-0.35099
0.56723
0.24746
0.31351
0.47401
0.0030142
2.2992
0.35159
1.2267
-0.10184
-0.8132
-0.71762
-0.71732
-0.41904
0.56646
0.29721
-0.71296
0.060441
0.73031
0.079907
-1.2381
-0.46016
1.1723
-1.0651
-0.54545
-0.75588
-1.7271
-1.5166
-0.1922
0.66862
-0.10702
0.15509
1.6115
0.5917
-0.12556
-0.69006
1.1911
0.15052
-1.1863
-1.9846
-0.16623
-0.37036
0.84755
-0.028218
0.63236
0.63935
-0.23859
1.5871
1.1634
0.26862
-1.5561
-1.658
-1.4718
0.31562
-1.4602
1.2032
-0.13994
0.3854
1.5767
0.822
1.1781
0.33355
1.1724
-0.87074
-0.9583
-0.75324
-1.3564
-0.826
-0.67846
0.87472
-0.22106
1.8934
1.8826
-0.12495
1.8306
0.88515
0.94826
-1.7277
-1.8092
-1.1818
-1.3058
-0.90063
0.93874
0.49178
1.3883
0.44067
1.2028
-0.42749
1.7679
-0.38437
-2.446
-0.026141
0.35629
-0.201
0.74419
0.77572
-0.41666
0.44872
0.57179
0.68609
0.35561
-1.0478
2.0487
-1.8267
-0.33986
-1.6371
-1.7745
-0.60874
-1.195
0.81618
0.72994
0.63003
2.1421
0.83807
1.5906
0.31207
-0.41476
-1.9033
-2.1969
-1.193
-2.3659
0.96497
0.18145
1.2763
0.85163
2.0165
-0.15129
2.2363
0.2584
-0.17291
-0.25426
-1.1093
-1.1759
-1.1444
-1.5184
-1.5011
1.6758
2.1977
1.2871
0.00038985
0.2173
-0.21977
-1.4045
-0.85942
-0.9841
-0.84171
0.37365
-1.6595
-0.4849
-0.052342
1.406
-0.37463
1.7027
1.2041
0.67978
1.0268
1.5519
-1.0677
-0.34983
-0.02014
-1.7053
-0.92861
-0.30768
-0.062464
0.74051
-0.63194
1.7256
0.098865
1.0982
-0.47292
-3.0439
0.84058
-0.76406
-0.61445
-0.050334
0.3217
1.2016
1.251
1.1222
1.8439
1.0366
-0.083313
0.05877
-0.6154
-1.9897
-1.4065
-0.30761
1.6453
0.21454
0.17046
-0.062222
0.63449
1.2356
0.2734
0.27304
1.3242
-1.4571
-0.25102
0.82529
0.64595
-1.0597
-0.20235
-0.016171
0.83369
-1.1546
0.015449
1.0662
0.73646
-0.74348
0.14428
0.06735
-0.48743
-0.054393
-1.4695
-0.44099
0.59908
0.31138
1.3891
1.06
1.9212
-0.080184
1.9178
-0.27742
-0.32518
-1.1677
-2.2983
-1.1548
-1.4801
-0.43299
1.2011
1.6494
0.98145
-0.073883
1.5333
0.45099
-1.1742
-1.2946
-2.0163
-0.6793
-0.021944
-0.20786
1.1107
-0.89393
-0.31212
1.716
2.2796
0.47206
-1.4114
0.14861
-0.22114
-1.4611
-1.1641
-0.43267
0.41623
-0.71075
-0.97089
-0.33451
0.52036
-0.63402
0.77365
1.7592
-0.20552
-0.43899
0.0041474
-1.0899
-1.1127
-0.57502
-1.3307
-1.0387
0.10725
2.2201
-0.70319
-0.67092
0.11211
1.8241
0.71851
-0.95429
-2.1036
0.024911
-1.1905
0.34696
0.63061
-1.0211
0.0026949
1.1305
0.12155
-0.85892
0.33156
-0.55871
0.74656
-1.6421
-1.6
-1.2902
-0.24282
1.0032
-0.30367
0.19326
0.74376
1.0701
-0.14208
0.793
-0.27994
-0.11361
-0.85127
-1.5019
-0.23548
-0.54566
-1.3466
-1.4196
-0.1572
1.7262
-0.40148
-0.010566
-0.2822
-0.12289
-1.4835
1.386
1.1834
0.10721
0.27506
0.73711
-0.20468
-0.44552
0.28856
-1.0006
-0.87397
-0.70824
0.24893
0.68205
0.7009
-1.44
0.74058
-0.42236
-0.48472
-0.93746
1.4486
1.3069
-0.90428
-0.90821
-2.5538
1.8241
-0.28977
-0.8037
-0.82852
-0.13303
0.32946
-1.6869
-1.3819
-0.93919
0.039876
0.64557
-2.4152
-0.23638
-2.4324
-0.0029826
0.64341
0.91825
-0.91974
0.34187
-0.58664
-0.37932
1.8275
-1.5519
0.94801
1.2837
0.41318
-0.44121
0.19812
1.0431
0.49063
0.35481
-0.35167
-1.2095
1.4764
1.0472
1.4489
0.12303
-2.5314
-0.8107
0.040238
0.14885
-2.34
-1.5798
1.8734
0.10888
-0.37753
-1.1125
-0.58303
0.41835
1.2309
1.7096
-0.089998
0.41914
1.4336
0.14751
-1.2765
-0.80592
1.7279
1.5368
-0.72449
-1.879
-2.7352
2.1864
1.8854
-0.58879
-0.80517
-1.8385
2.5432
0.51951
-1.2407
-1.3696
-1.5935
0.43345
1.001
-1.2123
-0.49476
-0.21861
0.30562
0.39555
0.80988
-1.9093
0.52144
0.57417
0.052594
-1.2692
-0.93926
0.92953
1.3287
-0.12371
-0.33944
-1.1996
0.57264
0.52203
-1.5594
-0.32116
-1.192
1.2796
0.87908
-2.1321
-1.8873
0.31593
1.1094
0.20424
0.021311
0.74785
0.63754
0.55198
1.3769
-0.75159
-0.29874
1.5063
1.4988
-0.63029
-0.94758
0.086605
0.74668
1.3093
-1.4064
0.37562
0.49298
0.56832
0.96929
-0.84371
0.51606
-0.12226
1.0681
-0.020083
-1.2983
-0.48708
0.93541
1.2629
-0.6997
-2.5157
-0.0072312
1.2419
1.7632
1.211
-0.10777
0.22916
0.20173
0.63914
-1.1615
0.62334
0.25523
1.0193
0.55171
-0.83567
0.75189
-1.5713
0.10322
-0.82648
-1.213
-1.0201
-0.0085151
1.7023
0.89034
-2.31
-0.27874
0.34791
-0.20742
-1.645
-0.21089
0.56641
1.1041
-0.45992
-0.022958
-0.16596
0.31281
-0.28647
-1.1313
-0.4296
0.42908
1.5346
2.2247
0.33996
-0.153
0.82937
0.88513
0.59576
-1.1241
-0.4512
0.90171
0.56956
1.5265
-0.99839
-0.49189
-0.78427
-1.058
0.77121
-2.9536
0.35241
0.03886
1.3333
0.65367
-2.3181
-0.14887
-0.093424
1.5556
-1.6567
-1.1318
1.8913
0.64531
-0.36514
0.544
0.34885
0.24909
2.1556
0.13009
-0.47594
-0.27169
1.1773
-0.51301
0.1511
-0.20319
-0.085753
0.99528
-1.2779
-0.70201
-0.063914
-1.5149
-1.5911
-0.78069
-0.70696
0.075697
-0.82983
0.30391
0.3281
-0.054548
0.15877
-2.0502
1.204
0.75498
0.50464
1.0874
0.2967
2.1064
0.13064
1.1324
0.59173
-0.60629
0.33666
1.3492
-0.4539
-2.2695
1.4487
-0.08458
-1.9253
-1.3254
-0.15945
-0.94218
-1.2856
-2.4168
-0.88474
-2.2223
1.2036
-1.3594
0.59582
0.63582
-0.38562
-0.21899
-1.2316
0.20632
0.11927
0.15444
0.082025
3.1542
-0.62728
0.15522
0.68172
1.2586
-0.33537
0.0088394
0.8471
0.66751
-0.85909
-1.751
0.005735
-1.6444
-1.2854
-1.0131
-1.9954
-1.5074
-0.71621
-0.5045
-0.95
-0.72306
1.4423
1.3349
-1.406
0.26187
0.1484
1.7627
-0.12856
1.3957
-0.59482
-0.68124
1.9864
0.10495
0.021186
0.076835
-0.3039
0.013127
-1.2131
-0.22691
-1.2533
-0.35431
0.19791
-1.4436
-0.88855
0.047492
-0.79276
-1.5631
-0.39359
-0.1394
-0.49594
-1.1671
2.1392
0.64469
0.57642
1.98
0.11491
-0.48737
0.9103
1.6807
1.474
1.244
0.29062
-0.75477
1.0329
0.5984
0.8654
0.91999
-1.7136
0.0096507
-1.9247
-1.9224
-0.49661
-1.4306
0.85007
-1.4016
0.33993
-1.205
-0.81635
-0.86746
-0.5058
-1.1287
0.47223
-0.13603
0.7702
1.5194
-0.9826
1.7079
0.76274
1.2675
2.0482
-0.5516
0.60275
-0.045602
0.47703
0.041913
0.64391
0.20678
0.95865
-0.89993
-0.18971
-0.61456
0.95579
-2.5776
0.094418
-1.8739
-2.0945
-1.1446
-1.0708
-1.9851
-1.6004
0.59495
1.0926
0.28361
1.2611
-0.48794
0.55723
0.8936
2.4884
1.122
2.5909
0.9764
0.13142
0.39943
0.10923
-0.10148
-0.86156
0.29199
-1.7328
0.078817
-0.65091
-1.4468
-1.6139
-0.55263
1.0087
0.14006
-1.8776
-1.2921
-1.6015
-1.0698
-0.87528
1.2646
-0.7458
1.5272
0.92756
2.142
1.1691
0.87524
0.039505
0.35287
1.1572
1.4177
3.0816
0.92513
1.6115
-0.27773
-0.34672
-0.83113
0.21919
-0.036118
-0.21214
-0.4933
-1.6614
-0.16399
-0.94535
-1.2202
-0.91705
-0.98846
-1.1166
0.20345
-0.59012
-1.2017
-0.33599
1.6701
1.9847
1.5588
1.5714
0.32527
0.96704
0.029077
1.8323
0.93556
1.4477
0.31469
1.8245
-0.13472
-0.82621
-2.5481
-1.2693
-1.0193
0.13222
-0.95775
-0.79368
-0.79862
-1.0796
-0.69201
-1.6925
1.2309
0.2703
0.89789
-0.23731
0.70868
-0.22782
1.4149
0.80432
-0.31867
-0.15289
-0.25947
1.16
0.41358
1.19
1.3451
0.022346
-0.042853
0.90722
-0.45483
0.68395
-0.48879
-1.1641
-1.2377
-1.3997
-1.1338
-0.079958
-0.96202
-1.1715
-1.3865
-0.83848
-1.295
-0.77731
-0.59371
-0.29809
0.29571
0.24845
0.6201
2.1462
-0.27529
1.2552
1.5712
1.2128
-0.14069
-0.68337
-0.13829
0.28566
0.94626
0.17917
-0.08876
0.36578
-1.0327
-0.32432
0.31135
-1.4974
-1.021
-0.64436
-0.56617
-1.0341
-2.2679
-0.85136
0.48009
-0.42324
0.91626
-0.44635
1.2095
-0.90003
0.70623
0.64127
0.15542
1.0529
0.48488
1.8263
0.968
1.4857
0.78264
0.44228
-0.32386
0.8573
1.2593
0.37023
-0.42765
-0.54423
-0.86614
-0.70383
-1.6777
-0.8913
-2.2617
-0.27426
-1.3457
-2.4848
-0.75082
-0.33053
-0.91909
0.090437
1.5922
0.39675
0.64453
-0.86444
-0.15464
0.19128
1.3927
0.69451
-0.34424
0.086629
1.7598
0.49224
0.85794
0.26051
1.2591
-0.85748
-1.5769
0.64363
-0.14802
-0.56754
-1.745
-1.141
-2.0903
-1.4927
0.37371
-1.0245
-1.3993
-0.59679
0.41268
0.15834
-1.0355
0.060808
0.99683
1.7054
0.64004
1.6485
1.1208
0.70726
1.1738
0.9119
0.80897
0.036609
-1.013
-0.40077
0.55226
-0.15129
-0.021614
-0.18175
-0.80511
-1.2081
-0.3218
-1.3476
0.86789
-0.39158
-1.0887
1.2074
-0.66455
-0.78196
-0.79629
-0.12377
0.036849
1.2619
0.20474
-0.62822
0.59499
-0.16922
-0.0098346
-1.1926
-0.41591
0.38468
-0.7313
1.6374
-0.032197
-0.86236
-0.40501
0.24642
0.36864
1.7229
-1.9602
-0.83762
0.32204
-1.2992
-0.43248
-1.755
-1.1962
-1.0391
-0.40829
0.049339
-0.84302
-0.95689
-0.099157
0.76163
0.58792
-0.47045
1.5753
-0.050827
0.12404
-0.24537
-0.80246
1.9664
-0.70168
1.6928
1.6156
-0.39391
-0.5117
-0.06584
0.87265
0.39068
0.012044
-1.0553
-0.14259
-0.092414
-1.6369
-3.5542
-0.7204
-0.43142
0.1919
-1.3425
-1.0518
1.0474
-0.79174
-1.0372
0.1684
0.98821
-0.61951
-0.86656
-0.052977
-1.1682
-0.68977
0.0028594
1.2002
1.3456
1.9311
0.62459
-1.3041
1.903
-1.2037
-1.0684
0.45235
-1.3917
-0.36648
-1.7213
-0.134
0.51277
-0.47861
-0.18163
0.40469
-0.1073
0.18396
0.51086
-0.58658
-0.24855
-1.1069
-1.2547
-1.3928
0.58041
-1.1301
0.45571
1.9278
0.31282
0.86105
0.96461
-0.89976
0.013707
-1.4278
-1.7156
-0.13354
-2.0262
0.3239
-1.1614
0.67015
1.4588
2.4559
-2.4042
-0.030479
0.57948
-0.37918
-0.85789
-0.091895
-1.7009
-1.6591
0.14857
-0.92327
-0.30554
0.54307
0.85636
2.0754
1.1723
1.3598
1.0168
0.73492
-0.56962
-1.9501
-0.73673
-2.8291
-0.50159
2.2862
0.3075
0.7473
0.9485
2.4179
0.97389
0.52837
-1.4977
-1.01
0.49217
-0.19101
-1.792
-0.33601
1.4511
1.1757
2.3368
3.1895
-1.2863
0.77788
0.33433
-1.3463
-1.4633
-0.62136
-0.37023
-1.8657
0.23859
0.44907
1.2697
0.64359
2.1012
1.5763
0.80703
-0.56797
-0.77165
-1.3062
-1.7023
-1.2029
-0.50234
-1.238
0.14415
0.60977
0.81901
1.013
1.8877
0.71955
0.93301
0.22805
-0.60379
-0.62428
-1.2269
-0.73803
-0.79024
0.071367
1.4905
2.1536
1.0388
2.1054
0.83414
0.13145
0.90361
-1.1366
-0.96522
-1.7152
-1.6391
-1.8287
-0.25464
1.4872
0.15984
0.045237
1.3288
2.4118
0.83319
0.099894
0.56113
0.66205
-0.74107
-0.25498
-1.2732
-1.43
1.1245
0.36881
1.4728
0.69812
3.0099
2.2654
0.4877
-0.21685
-1.3506
-1.2468
-0.10198
-0.41255
-1.1949
-0.22528
-0.48719
0.7748
-0.24177
1.3725
1.0715
-0.053112
0.10397
0.30299
-0.30421
-2.1138
-2.3291
-0.72057
-0.51672
1.8905
1.9211
1.5594
1.6983
1.8606
-0.14906
-0.058889
0.51787
-2.2563
-0.76878
-1.6011
-0.12781
-1.1242
-0.044852
0.12404
0.56056
0.1497
-0.51165
0.60607
-0.23603
-1.1682
-1.3516
-1.2026
-1.1367
0.077619
-1.8929
0.64445
0.77569
0.65497
2.0313
1.4417
0.93857
-0.10085
0.17356
0.25113
-1.8189
-0.8717
-1.2287
-0.4394
0.22624
0.41748
1.0955
1.1299
1.9533
-1.0232
1.0892
0.7924
-2.6097
-0.95633
-0.4334
-0.22275
0.82346
0.35632
-0.23582
1.9358
2.3514
2.2037
0.51438
-0.94929
-0.54864
0.48201
-0.82815
-0.88336
-0.68066
-0.75732
-0.39124
0.26185
0.54186
-0.35138
0.61484
1.5558
-0.42484
0.31227
-0.5493
-2.4679
-1.5609
-0.87602
0.32159
0.42855
0.39211
0.13855
-2.4154
1.2622
1.014
1.4654
1.4508
-1.1086
-0.10962
0.20001
-2.4929
0.13412
-0.23441
1.5742
0.70487
0.39994
0.62048
-0.18827
1.1077
0.96401
0.52373
-0.40054
-1.0364
-1.2635
-0.17467
0.067793
-0.33246
-0.79587
0.54494
0.84628
0.13299
1.4029
1.4462
-0.56892
-0.38173
-0.52005
1.5476
-0.15025
0.68258
-0.92825
0.81164
-0.089271
0.7022
0.060139
1.2495
0.76335
1.7178
-0.51051
0.16034
0.63433
-1.9664
0.64342
-0.64443
-0.020842
0.10599
-0.089343
0.3861
0.92191
-0.37804
-0.56822
-0.37033
-0.30769
-0.47019
-1.3452
0.75425
-1.5631
-1.067
0.91572
1.2398
-0.18962
-0.23644
0.64924
-0.21315
1.33
-1.4094
0.62358
1.6897
0.54245
0.67734
0.35927
0.76861
1.2139
-1.1234
-0.053691
-0.092985
-1.2158
0.95002
0.078538
-0.90034
-0.961
0.19045
-2.1859
0.23692
-1.1063
0.65914
0.45009
-0.54881
-0.60659
-0.73674
0.79045
0.64605
0.70336
-0.079929
-1.5491
0.77846
0.60836
-0.3233
-0.52565
-1.3798
0.12617
-0.31387
-1.1226
-1.3238
0.079087
-0.34438
1.5138
-0.27076
-0.97227
-0.64927
-0.9833
0.23791
-0.24338
-1.341
0.40819
-0.61663
-0.81004
-1.0886
-0.9689
0.148
0.2174
-1.4618
1.1978
-0.054383
-0.39283
-0.38256
1.0863
-0.63844
0.14201
0.003991
0.92552
0.45708
-2.0953
-0.85476
2.4377
-1.0531
-1.7163
-2.1304
0.64285
0.47844
-0.2436
-0.54314
0.48782
-0.48022
0.08971
1.6352
0.82483
0.42417
-0.0003878
0.26185
-0.64701
-1.2337
-1.4975
0.75562
0.8714
0.25013
-1.6838
0.68356
2.2512
-0.046313
-0.27777
-1.5923
-0.78244
0.36346
-0.051975
-1.0878
-2.6184
0.99903
1.0598
-0.076102
0.21719
-0.40807
-0.014344
0.34796
0.96578
-0.01983
-0.56663
0.86457
0.59654
-1.4542
-0.1213
-0.5013
0.66699
0.80644
-0.35575
-0.79882
-0.43925
2.0187
0.93536
0.079406
0.10005
1.7911
0.48061
0.30861
-1.1533
-1.0945
-0.49048
0.4229
-0.15368
-0.68978
-1.019
0.99499
0.090785
-0.62114
-2.2245
0.18761
2.7309
1.9944
-1.3387
-0.2336
-0.49599
1.6812
0.39101
-1.8117
0.11554
0.42627
1.0622
-0.33798
-0.088712
-0.95315
1.8448
0.40515
0.26855
0.39257
-1.5062
1.0079
-0.6608
-1.7573
-2.3294
-0.066863
2.5159
0.20035
-2.9802
-2.0508
0.51099
1.1622
0.14263
-2.2233
-0.0061931
-0.22292
1.2798
0.019945
-1.3215
0.87011
0.61927
-0.22877
-1.0684
1.5292
1.212
1.1186
0.16319
0.022658
-2.2651
-0.015332
0.84742
-1.4777
0.26505
-0.77272
-0.11331
-0.6098
-0.037195
-1.7966
0.14501
-0.11474
-1.0459
-0.30607
-1.215
-1.3437
1.7215
0.84133
-0.74798
-0.61453
0.69181
0.37031
-0.38719
1.4901
0.052057
-1.4659
1.2391
-0.15409
-0.04603
-0.29645
-0.069182
-0.052081
1.1373
0.018267
-0.24898
1.34
0.82896
-2.2204
-2.1037
-0.43981
0.17859
-0.82218
-0.22373
0.41958
0.89918
1.0176
0.80003
0.55697
-0.87824
1.0863
1.5156
1.6979
-1.8719
1.1663
0.93768
1.9734
0.070045
-1.0586
0.52098
0.81353
0.7555
-1.9553
0.38229
-0.57456
-0.20858
-0.4459
-1.3788
-0.99527
-2.2062
0.39705
-0.30783
-1.5717
-1.4898
0.47976
-0.21468
2.3838
-0.18465
0.75631
1.6324
1.0787
-0.016843
-0.089043
0.57322
1.2899
0.62827
0.57194
-0.42631
0.803
0.53934
1.1469
-0.59745
-0.73508
-0.088864
-0.90271
-1.5485
-2.1493
-0.2196
0.62745
-0.30491
-1.1289
-0.19251
0.26752
-1.442
-0.10664
-0.36464
0.67657
1.5293
0.79629
0.61657
0.929
0.49033
1.8812
-0.17153
0.0052652
0.44506
1.0269
-0.26942
0.35359
0.59528
-0.95944
-0.54953
1.1956
-0.011688
-0.80249
-1.0995
-1.6818
-0.18969
-1.0706
-1.9256
-1.6859
-0.0018647
-0.46503
0.030819
-1.0441
0.81521
0.80117
0.31903
1.9791
1.3557
0.16367
2.5601
0.025568
-0.11965
0.71225
-0.56377
1.2467
-1.4693
-0.28914
-1.1418
-0.13652
0.8828
-0.65217
0.057468
0.27329
-1.85
-2.4694
-0.93582
-1.2847
-1.4933
-1.3155
-0.32117
0.70306
0.57149
0.29355
-0.7883
1.2276
1.8022
1.9151
0.51456
0.47165
0.074927
1.1117
1.0236
1.6098
0.81562
0.27855
0.015713
1.3973
0.22907
-0.6421
0.22043
-1.3749
-0.040456
-0.69599
-0.34601
-0.079926
-1.3118
-2.3945
-0.64907
-1.0338
-0.96695
0.74033
-0.93205
0.71897
0.83276
-0.34561
1.5559
0.33864
1.23
0.84079
1.3937
1.4431
1.1783
0.78405
1.774
-0.62581
0.21513
0.73611
0.45619
-0.2725
1.4999
-1.7016
-0.96431
-0.25926
-2.2848
-0.42245
-1.3039
-1.2851
0.79761
-1.1057
-0.93133
0.028188
-0.38132
-0.74236
-0.24659
0.97038
0.49912
0.73593
0.19401
1.8055
1.8502
1.7097
-0.12693
1.5083
-0.31984
-0.53655
-0.12426
1.866
-0.25573
-0.46395
0.32457
-1.4096
-1.9008
-0.091395
-0.46439
-1.0216
-1.0708
-2.1999
-0.47419
0.70319
-1.4501
-0.028259
0.0097351
0.26362
0.33328
1.5227
1.2958
1.3802
0.64129
1.9378
0.7715
-0.82448
2.4573
0.38952
0.70126
4.2137
-0.044036
-0.48536
0.57044
-0.21327
-1.7759
-0.36961
-1.1585
-2.0319
-1.3493
-1.8515
-1.0244
-1.5598
-0.74146
-0.75516
0.35255
-1.4894
0.53948
0.46507
0.71439
-0.048636
0.66518
1.3422
0.36592
-0.14712
0.83741
1.3384
1.2079
1.4084
1.6021
-0.68941
0.25847
-1.3728
0.44239
