-13.729
-20.267
-2.6755
12.601
4.5471
-17.807
-35.085
-39.585
-42.853
-58.146
-71.749
-63.85
-47.168
-41.804
-39.6
-24.924
-0.87932
16.789
19.867
18.089
18.524
11.688
-0.51216
-2.8584
-3.9318
-19.147
-29.72
-16.898
-0.35082
2.9655
6.2348
17.299
28.798
37.318
34.938
14.052
-8.8373
-17.459
-22.314
-27.898
-19.831
0.0095775
13.607
15.542
12.048
8.7228
8.4728
11.397
16.231
19.968
20.277
20.561
22.015
19.697
13.791
7.825
0.62685
-8.0408
-15.093
-16.873
-10.619
0.41832
10.685
20.49
31.052
40.324
45.956
47.075
46.048
43.881
36.966
25.298
13.822
10.364
23.815
45.243
51.716
42.525
30.752
13.7
-8.076
-23.892
-35.586
-41.536
-29.609
-11.264
-6.958
-6.7611
3.4915
13.792
14.098
6.0071
-8.6993
-25.93
-36.917
-33.957
-18.35
-5.4204
-6.9993
-14.091
-15.659
-14.696
-13.987
-11.583
-10.046
-10.384
-7.3803
-1.3458
-0.085512
-6.8992
-17.338
-23.652
-22.272
-21.224
-25.26
-21.903
-9.3488
-9.0789
-26.176
-40.722
-43.504
-40.179
-36.192
-36.195
-38.609
-38.602
-39.822
-40.963
-30.878
-13.428
-1.8154
7.666
21.337
32.089
37.438
41.882
42.789
37.379
29.616
25.737
33.09
49.79
60.018
56.256
47.34
39.184
31.624
28.382
31.631
34.599
31.275
29.044
37.985
50.92
52.201
38.628
20.955
14.754
20.989
19.267
4.9246
-1.5333
-1.0209
-9.6439
-15.954
-10.841
-15.558
-35.921
-51.088
-56
-57.523
-53.076
-48.887
-55.851
-62.622
-57.289
-48.191
-38.705
-29.607
-35.389
-53.002
-58.679
-53.792
-56.407
-61.752
-57.259
-45.566
-33.147
-26.454
-32.975
-45.177
-44.254
-29.032
-15.945
-10.622
-3.8764
7.3121
15.435
17.715
20.183
27.218
36.815
41.528
33.33
17.899
12.669
20.74
28.996
32.894
36.271
37.212
35.567
36.074
34.051
20.252
1.7246
-3.5261
7.4693
18.099
16.19
11.6
17.522
24.286
19.49
17.405
29.754
39.031
34.053
25.75
18.312
11.317
10.421
10.334
3.7848
0.058145
4.4796
9.7682
14.737
21.232
26.639
31.798
35.451
27.792
7.09
-10.952
-11.528
2.1205
15.459
20.244
22.371
31.644
44.587
48.056
41.535
39.125
44.878
41.312
16.431
-8.9647
-11.451
-4.9821
-8.0444
-9.0256
-2.0812
-1.667
-8.3137
-11.883
-14.723
-22.203
-29.815
-26.744
-10.745
2.1423
-0.20817
-7.4064
-7.7509
-2.2398
6.4365
14.584
15.241
5.6998
-11.661
-32.832
-51.1
-58.022
-50.242
-36.282
-29.157
-29.029
-25.97
-19.991
-22.518
-39.526
-62.006
-75.176
-81.259
-95.434
-105
-79.328
-33.382
-10.328
-10.634
-10.819
-7.3558
2.934
20.659
24.65
8.9098
-4.8931
-10.197
-16.557
-23.917
-27.823
-23.505
-7.2011
14.173
32.502
42.519
31.66
0.70709
-26.417
-41.477
-55.573
-59.169
-33.611
7.9105
34.189
37.244
34.588
37.156
35.114
24.342
20.834
27.776
23.842
4.527
-5.3271
10.658
41.998
65.8
68.003
59.279
57.893
58.856
48.344
29.86
10.227
-8.4529
-16.779
-11.175
-1.2968
9.405
16.987
12.746
13.987
41.223
65.61
54.967
32.931
26.744
21.891
6.0579
-6.9143
-6.4362
3.3419
15.965
30.433
47.746
60.288
56.993
40.836
22.396
5.5175
-5.0145
-4.4473
-1.8858
-6.027
-8.1766
-4.4966
-10.921
-35.854
-64.239
-77.464
-68.338
-42.69
-18.853
-10.759
-12.586
-14.477
-17.038
-21.128
-23.92
-24.643
-21.489
-14.615
-15.726
-34.494
-55.903
-55.452
-34.011
-11.789
2.2323
9.7749
10.134
5.2849
-0.56889
-8.4092
-16.844
-18.353
-11.561
-4.1741
-1.7066
-2.2348
-0.84134
4.8164
10.814
10.201
4.8171
6.8502
20.935
34.786
34.917
22.212
6.5524
-5.916
-11.343
-2.7718
17.67
34.191
40.712
46.279
51.344
47.885
37.546
27.038
17.354
6.0096
-6.6074
-12.152
-2.6133
15.331
27.491
27.42
18.831
12.737
16.061
22.511
23.668
14.206
-10.302
-39.814
-57.761
-68.141
-77.816
-77.063
-69.025
-68.361
-66.943
-53.275
-36.363
-20.765
-1.9478
15.062
20.786
10.857
-3.7987
2.6308
29.122
35.974
9.1902
-10.62
6.7362
30.403
16.711
-20.923
-36.346
-22.35
-6.1365
0.66589
3.3905
3.7393
4.9332
12.771
18.523
4.5532
-21.854
-27.471
-4.3039
10.834
-6.0182
-30.528
-40.088
-45.035
-51.053
-50.476
-47.938
-47.255
-41.771
-34.798
-30.763
-22.601
-11.389
-3.9651
2.7951
6.3036
-1.9142
-11.176
-6.4097
3.3009
5.7762
7.381
11.902
15.226
23.497
41.765
61.853
77.31
83.442
73.418
54.733
44.017
43.444
42.411
32.495
17.45
13.047
26.013
43.46
54.262
58.614
56.877
53.163
56.401
63.64
64.084
57.905
50.37
42.852
38.571
37.874
34.935
28.844
21.571
11.324
0.32968
-5.9016
-7.587
-8.5149
-10.476
-10.286
-4.0634
3.3379
6.5811
9.8257
13.504
11.783
5.3517
-5.3065
-22.51
-37.17
-38.769
-33.428
-31.217
-32.654
-36.312
-42.105
-47.594
-52.452
-62.017
-78.688
-94.515
-100.64
-98.838
-94.754
-88.584
-78.92
-66.713
-55.378
-49.427
-46.741
-40.307
-32.075
-28.196
-24.856
-17.059
-8.5982
-0.80878
11.257
25.438
33.56
36.884
42.047
47.311
50.523
55.849
59.614
51.758
36.14
26.018
22.641
18.056
12.344
11.768
15.269
15.963
12.067
7.0489
3.2268
1.2492
2.3683
6.8051
11.483
13.516
13.897
13.785
11.54
5.9659
-1.5453
-8.3145
-13.099
-16.783
-19.151
-19.475
-19.848
-21.991
-24.277
-24.464
-22.58
-22.185
-25.298
-26.485
-21.452
-14.931
-11.632
-10.44
-9.7136
-9.2171
-8.8385
-8.3852
-7.7242
-7.6044
-9.2471
-13.119
-17.22
-17.125
-12.332
-7.5765
-4.3773
-0.6512
4.2731
11.39
19.679
24.203
25.51
29.204
34.521
38.502
43.508
49.965
55.184
59.206
60.359
57.301
56.191
56.236
44.06
20.638
4.738
3.847
12.102
25.482
39.305
49.477
56.956
58.838
49.546
31.601
12.888
1.2716
-0.35794
-0.3675
-4.8263
-4.7379
5.7565
18.915
27.355
26.006
10.99
-10.513
-26.027
-31.355
-29.658
-24.395
-12.729
6.184
16.385
7.9085
-0.65141
3.7177
7.535
-0.11463
-17.883
-39.549
-51.219
-47.306
-37.674
-25.527
-11.802
-8.9024
-18.852
-26.624
-25.378
-22.391
-25.056
-30.685
-28.445
-16.404
-5.6035
-1.7519
-2.988
-11.764
-26.799
-34.684
-29.332
-24.28
-29.086
-35.676
-40.231
-47.904
-52.081
-41.81
-22.774
-8.4002
-4.5398
-8.1448
-9.9399
-6.5629
-5.8972
-8.1554
-2.5311
8.6069
8.3459
-7.6364
-22.961
-25.135
-22.82
-27.187
-33.676
-34.322
-27.058
-10.443
11.128
24.376
23.994
24.806
41.781
62.694
67.114
61.436
59.639
57.458
52.086
46.137
31.158
3.6919
-21.672
-28.409
-10.983
15.574
24.961
16.769
11.602
9.9896
2.9383
-3.3965
-7.3822
-14.766
-19.703
-17.298
-11.874
-4.3922
0.93943
-5.4586
-18.713
-21.737
-10.307
2.1242
7.826
17.143
35.276
49.189
50.577
42.998
27.693
8.3542
-5.6038
-9.8587
-3.0096
11.928
17.993
7.0254
0.3333
11.453
20.526
17.731
23.223
39.596
40.921
24.627
19.17
30.951
35.661
27.717
27.934
42.4
56.005
53.122
22.045
-30.701
-71.432
-78.849
-70.769
-69.383
-71.678
-60.942
-27.486
12.921
28.256
16.97
9.243
10.125
1.8529
-8.7841
-11.304
-20.137
-37.431
-46.017
-48.349
-53.481
-49.051
-30.902
-20.226
-24.681
-25.992
-17.534
-13.134
-19.049
-29.913
-40.232
-43.801
-42.296
-47.541
-55.319
-46.046
-21.942
-2.799
9.5223
21.211
23.952
15.562
9.2379
5.6972
-3.955
-12.113
-9.9636
-5.1583
1.8065
20.981
43.971
51.768
47.829
53.146
71.757
81.507
71.087
61.634
61.952
50.198
30.318
30.62
40.465
31.407
8.4517
-16.374
-41.746
-55.692
-51.163
-41.17
-34.202
-27.035
-19.01
-11.674
-7.5948
-14.75
-36.032
-57.117
-62.114
-53.78
-42.179
-29.598
-14.776
6.5923
33.58
46.477
34.255
17.45
11.691
12.073
19.537
28.249
18.913
2.7368
9.673
33.514
53.687
69.057
74.442
64.982
54.2
45.174
27.849
8.035
-4.6774
-8.783
1.4191
21.118
27.983
16.28
4.9806
4.0534
4.0531
-1.6564
-10.168
-22.604
-39.816
-48.679
-37.925
-16.688
0.8
9.8124
10.84
9.3616
11.017
11.653
3.2488
-16.589
-40.777
-53.907
-49.788
-39.244
-31.723
-29.201
-30.013
-25.01
-13.298
-11.632
-23.161
-30.44
-29.907
-29.202
-22.578
-10.527
-10.373
-18.662
-12.487
3.3418
8.244
9.3577
18.762
23.725
18.198
16.215
19.127
17.346
15.367
16.716
11.749
1.9541
-0.51445
1.6784
0.10919
-2.8719
-6.1021
-9.9064
-5.9029
7.6121
18.169
19.845
19.346
23.631
34.355
44.905
45.395
36.819
26.98
17.167
7.5591
1.4434
-2.7324
-7.2015
-7.8965
-2.7722
4.5507
11.858
18.728
22.797
21.333
16.726
16.541
20.846
18.829
8.3253
-0.054177
-3.5647
-7.922
-11.451
-9.556
-5.1305
-4.1424
-9.6712
-20.048
-29.273
-33.603
-35.22
-36.662
-37.637
-38.004
-39.074
-41.233
-42.477
-41.397
-38.821
-34.129
-26.104
-17.611
-12.999
-13.98
-19.297
-24.815
-28.049
-30.665
-32.278
-30.378
-25.047
-16.135
-5.2422
0.79682
1.0335
3.1248
8.0571
10.412
11.359
14.632
18.558
21.074
23.42
27.809
34.08
36.87
33.454
31.44
34.707
35.905
34.082
34.938
34.645
28.943
23.218
20.244
19.405
23.734
30.674
32.024
29.056
28.591
27.606
19.376
7.1375
-2.3723
-8.0829
-9.1006
-4.9467
-1.3077
-1.8474
-3.085
-1.9131
3.175
10.924
14.487
12.366
10.676
8.5857
2.5081
-2.6871
-4.1179
-4.604
-3.3131
-1.2478
-2.7671
-3.6961
1.3965
8.0577
13.786
20.773
23.794
16.65
2.3523
-11.115
-11.728
4.968
16.014
0.7396
-18.209
-15.881
-10.763
-19.033
-23.707
-18.833
-17.681
-19.428
-18.909
-22.292
-29.547
-31.909
-25.833
-14.955
-8.049
-10.374
-16.167
-21.397
-28.261
-33.202
-31.604
-23.104
-6.8529
6.9655
1.8327
-14.954
-25.376
-31.14
-34.292
-27.378
-18.396
-18.387
-19.743
-19.255
-24.595
-31.081
-31.497
-32.117
-34.645
-30.268
-17.494
-2.343
12.177
23.255
24.685
13.121
-6.5583
-23.208
-25.734
-13.002
4.3833
21.337
43.154
64.25
71.461
67.813
60.277
42.805
15.041
-9.6755
-22.672
-25.233
-18.672
-3.5603
11.108
14.989
16.579
27.372
30.011
5.4126
-23.938
-24.711
-4.124
10.387
14.496
14.599
8.4093
5.2154
21.28
47.257
62.988
64.796
53.771
35.56
25.969
24.551
15.058
-1.1663
-11.158
-12.852
-9.4318
-4.6438
-4.0162
-7.1976
-8.0839
-3.5094
3.8511
11.317
22.076
35.428
41.161
38.38
36.561
34.135
26.098
15.316
-1.8462
-25.295
-37.437
-37.636
-47.151
-60.252
-54.281
-37.909
-31.47
-35.787
-46.873
-59.345
-63.595
-58.332
-42.872
-15.992
7.1217
15.996
22.251
27.235
18.532
1.1541
-10.948
-13.342
-5.9148
1.1834
-6.8905
-18.726
-10.211
10.344
17.553
11.648
3.5888
-8.9652
-21.557
-19.909
-5.0858
13.517
33.236
45.929
40.408
20.783
0.20564
-16.132
-31.029
-44.437
-50.751
-49.862
-48.814
-46.952
-37.142
-22.836
-13.833
-11.802
-17.577
-32.34
-39.553
-22.102
4.5311
20.009
31.743
44.258
48.086
49.172
55.882
59.615
57.415
51.912
36.677
18.499
18.325
34.321
45.94
49.241
54.381
59.202
49.303
22.266
-5.3155
-20.69
-28.511
-34.397
-33.184
-22.078
-9.5286
-1.5908
7.0929
20.745
34.679
43.157
41.808
28.379
10.925
0.8454
-3.2551
-5.3326
2.7269
22.715
36.488
29.622
8.9317
-10.895
-21.803
-24.02
-21.59
-16.659
-8.8871
1.752
11.338
9.8972
-6.34
-24.158
-32.858
-39.905
-50.81
-59.946
-66.769
-69.545
-55.706
-27.213
-6.8206
-3.6633
-8.2952
-15.897
-22.433
-21.672
-20.162
-24.9
-27.751
-25.623
-25.697
-24.357
-15.266
-6.7124
-4.8392
-0.86317
10.737
21.58
22.173
13.046
3.187
0.077046
0.10129
-5.2933
-14.272
-16.681
-9.0885
4.5755
23.866
48.748
67.018
64.337
47.154
32.959
25.196
20.776
23.333
30.333
29.693
19.88
14.785
21.799
31.413
36.923
41.45
40.296
28.963
18.648
14.619
10.409
11.129
20.931
25.604
18.131
9.2333
4.6609
1.1654
-2.0238
-2.6946
1.3321
9.6237
17.329
19.456
13.727
1.0636
-11.16
-15.34
-14.369
-16.174
-25.125
-39.272
-46.356
-39.421
-33.801
-39.587
-41.807
-33.757
-30.752
-40.498
-54.69
-65.717
-72.635
-75.891
-72.984
-64.572
-58.35
-53.32
-38.566
-20.814
-19.784
-28.976
-22.651
-2.3564
4.4918
-9.1019
-19.744
-11.89
1.4733
5.1854
7.708
24.4
49.833
65.026
61.437
45.063
28.042
20.553
22.413
26.927
32.253
40.704
55.24
73.436
75.364
43.357
-0.88996
-17.313
0.35566
25.775
35.028
23.492
8.9242
17.195
48.434
72.006
65.421
36.56
5.4887
-11.564
-6.5168
10.898
19.198
11.82
2.4893
3.6569
14.398
23.471
19.073
5.5153
-3.2285
-12.951
-34.333
-47.649
-35.889
-18.315
-6.5244
13.052
36.649
44.746
33.874
13.962
-0.74833
0.27743
8.9812
9.699
-1.0553
-19.628
-38.093
-42.262
-30.218
-19.713
-22.416
-31.356
-38.433
-41.131
-33.407
-13.066
5.6917
7.9051
-1.6284
-9.41
-9.9772
-2.8418
8.4072
13.683
6.6437
-8.2861
-22.319
-30.979
-36.33
-39.675
-40.977
-46.777
-58.642
-64.804
-63.519
-66.511
-73.387
-75.958
-73.355
-64.202
-49.766
-38.183
-26.34
-5.4684
14.058
17.231
10.375
9.8452
22.032
41.098
54.484
54.502
47.816
45.859
48.206
45.345
36.709
33.451
40.088
48.06
52.249
57.26
63.671
64.224
57.044
51.184
54.394
60.742
56.471
37.026
13.292
1.2749
8.0355
26.377
42.123
47.981
48.441
48.018
43.094
32.427
22.319
15.191
7.5228
-1.2453
-10.053
-20.631
-31.251
-34.688
-32.868
-39.484
-53.764
-57.949
-53.035
-56.12
-62.046
-55.13
-43.252
-39.951
-39.521
-34.741
-29.756
-27.117
-26.772
-31.392
-38.961
-45.67
-52.297
-53.632
-43.823
-33.404
-31.759
-30.599
-24.534
-17.654
-9.6418
-1.4349
3.0007
7.5911
13.231
10.853
1.6813
-2.1639
0.57688
1.3564
-4.3006
-14.515
-21.729
-19.468
-15.041
-22.359
-39.62
-47.736
-31.521
2.9385
32.373
42.574
42.479
39.654
27.404
10.72
6.2073
13.044
20.084
24.445
23.924
19.036
16.39
10.969
-3.7497
-7.8457
17.223
50.122
65.272
73.805
88.682
95.275
86.845
79.144
77.612
73.542
66.816
64.367
67.928
71.958
67.154
49.516
25.332
4.7139
-6.2896
-10.123
-14.408
-21.582
-28.993
-36.628
-44.35
-48.958
-47.864
-37.89
-20.769
-9.1568
-6.3755
-2.5465
-7.1445
-34.569
-61.634
-61.704
-47.001
-32.155
-12.489
6.088
8.3417
-3.8402
-13.282
-9.7781
-4.5024
-12.386
-23.981
-23.382
-16.494
-7.0908
14.24
32.684
21.701
-6.0222
-23.338
-33.583
-44.997
-51.95
-56.568
-62.578
-62.707
-53.41
-37.551
-20.591
-14.591
-20.804
-21.952
-14.392
-14.604
-25.183
-32.691
-34.533
-38.535
-45.305
-47.97
-44.532
-40.654
-38.112
-29.648
-11.079
10.083
23.063
24.285
16.12
3.1505
-5.1231
-0.47518
8.2922
4.6703
-6.9647
-8.33
0.46367
7.3262
14.669
28.015
39.244
43.089
44.569
44.622
41.244
37.314
34.931
32.207
27.231
20.736
17.421
21.732
29.967
32.864
28.929
25.864
22.986
9.5754
-12.049
-26.823
-29.259
-19.899
1.6503
23.191
32.822
41.432
55.258
57.602
46.952
43.116
49.331
59.083
74.699
84.376
69.445
41.966
24.757
14.524
0.65775
-13.657
-24.841
-33.388
-36.607
-33.958
-29.207
-22.74
-13.028
-2.1059
7.7596
15.62
20.075
22.717
25.838
25.751
21.153
20.48
26.98
30.84
26.364
17.671
3.9632
-16.097
-30.023
-29.669
-28.032
-32.207
-28.537
-12.919
0.19914
6.1965
12.104
11.788
-6.8803
-33.152
-44.608
-42.013
-39.818
-36.264
-23.784
-7.8279
0.70441
-6.1647
-24.947
-36.934
-34.226
-31.125
-33.389
-30.624
-20.389
-8.9945
0.67117
8.0132
10.388
1.0765
-23.417
-53.131
-73.793
-80.89
-78.408
-72.065
-63.323
-49.688
-31.504
-11.812
4.7602
10.787
4.2359
-8.0233
-19.478
-27.954
-33.745
-37.67
-38.06
-31.976
-19.02
-5.3301
-3.1827
-14.972
-23.885
-16.566
-1.5101
9.491
19.944
34.049
42.509
37.289
21.877
4.0244
-3.8337
6.5183
21.47
24.25
18.694
13.369
9.2138
7.2979
6.8492
4.3932
3.0818
11.644
28.027
36.47
35.662
42.862
54.248
49.454
32.815
20.398
16.913
27.617
49.213
59.163
44.013
18.853
10.121
24.205
39.772
40.704
32.619
21.588
12.347
14.74
27.364
40.283
52.277
61.592
60.156
49.528
39.248
31.349
26.076
25.907
20.295
0.80692
-11.551
-4.1729
-3.2026
-16.39
-16.388
-3.8401
3.6606
21.438
50.717
47.517
-0.91328
-48.654
-63.377
-53.801
-34.125
-15.724
-10.809
-18.43
-34.412
-63.17
-89.29
-82.319
-50.774
-27.013
-8.3726
14.565
16.012
-14.02
-34.927
-11.872
36.749
61.455
37.492
-4.8636
-20.178
-6.3864
4.0826
-7.7095
-31.034
-46.63
-53.985
-65.623
-75.492
-65.824
-44.27
-33.896
-33.785
-28.821
-23.32
-26.504
-26.405
-14.922
-8.2285
-12.493
-9.5485
7.4932
26.994
42.917
50.618
39.485
12.582
-11.869
-26.468
-38.971
-51.841
-57.66
-52.79
-39.903
-21.901
-4.763
4.3874
6.8717
6.0193
-1.1807
-11.624
-13.394
-4.453
7.7303
22.734
40.283
49.848
47.756
42.244
30.68
5.7354
-18.979
-29.018
-35.506
-48.324
-55.702
-51.14
-45.669
-46.05
-48.417
-50.132
-47.929
-33.871
-7.9913
17.94
35.472
41.862
34.495
20.08
12.684
14.915
19.237
24.386
37.837
62.098
83.413
88.927
86.511
83.591
72.925
55.057
37.011
17.727
1.137
-5.5651
-4.0215
6.8979
25.163
36.057
38.187
42.181
44.911
47.374
60.25
74.345
76.924
76.487
77.351
71.417
58.321
45.1
39.591
41.041
35.701
22.548
15.167
10.334
-0.17211
-9.1181
-15.268
-23.994
-30.665
-35.882
-47.981
-61.712
-64.485
-55.983
-45.41
-38.147
-31.756
-25.496
-27.769
-42.109
-54.171
-54.41
-57.245
-70.095
-76.433
-71.692
-67.364
-60.532
-47.032
-35.673
-25.931
-13.788
-9.6895
-17.245
-23.584
-24.213
-28.245
-38.304
-45.427
-44.49
-39.613
-31.827
-19.173
-7.4183
-2.0806
-0.4226
-1.3621
-6.2431
-11.306
-12.01
-7.364
1.5168
11.758
20.876
26.923
27.652
25.037
22.861
18.586
9.2996
-0.61277
-8.0219
-14.021
-15.273
-11.161
-10.107
-10.222
-1.1188
7.4982
2.5934
-0.72451
11.278
26.568
36.876
44.993
47.155
42.941
38.271
31.591
23.225
20.699
22.825
23.596
24.962
28.495
30.064
26.211
15.614
0.59491
-13.769
-26.704
-38.025
-41.552
-35.037
-26.044
-19.006
-9.7223
3.121
13.517
16.765
13.724
7.1456
-0.25476
-4.3835
-1.5978
5.521
10.366
11.829
11.784
8.0363
2.1911
1.93
7.599
12.952
17.808
24.613
29.123
26.293
19.999
16.832
14.088
5.6021
-6.073
-13.902
-14.618
-9.6303
-4.5036
-2.9263
-1.5343
2.6214
6.877
8.8209
9.107
8.3393
5.8438
1.9723
0.025223
2.1367
4.8113
4.9674
5.8272
9.4153
11.346
9.5154
7.8177
8.1535
9.2419
11.968
17.238
23.111
27.935
30.215
26.986
18.684
11.078
7.488
4.939
0.83992
-3.3319
-5.6347
-5.4837
-4.4375
-6.212
-11.155
-15.531
-18.88
-22.982
-26.7
-30.409
-36.084
-39.617
-37.295
-36.218
-40.769
-39.905
-27.462
-16.844
-18.57
-26.444
-33.122
-36.305
-34.932
-32.683
-31.925
-27.312
-18.192
-11.876
-10.084
-9.2042
-8.8943
-8.7001
-5.1099
1.2626
3.0637
-2.6361
-6.9551
-2.7358
3.1573
2.1688
-3.098
-6.9466
-9.6378
-12.407
-11.027
-0.79357
12.657
14.611
-0.15128
-15.543
-13.634
0.32942
11.075
17.331
20.394
13.861
2.8255
2.502
12.646
20.951
24.124
26.881
31.051
34.456
34.664
30.414
19.526
0.66462
-19.857
-29.783
-20.5
7.2727
40.585
59.308
55.496
41.31
28.757
16.894
7.0144
7.1724
14.25
17.145
17.916
24.558
32.34
31.698
20.574
4.1018
-6.7509
-5.2203
2.4436
9.2089
14.192
15.164
12.851
14.23
22.392
34.167
41.137
31.044
6.8565
-8.639
-7.5013
-5.7981
-4.3973
13.477
39.453
44.942
25.232
0.074296
-15.52
-19.743
-16.907
-11.086
-9.2273
-23.013
-48.055
-59.927
-53.334
-49.286
-54.292
-57.038
-54.553
-48.232
-38.642
-32.052
-31.103
-32.562
-36.291
-42.871
-54.516
-70.491
-78.56
-76.582
-75.664
-71.341
-64.094
-71.068
-74.193
-43.304
-5.4623
8.1155
17.113
27.796
17.108
-5.6699
-14.788
-14.636
-12.858
2.8498
32.144
53.689
60.407
60.475
51.672
37.343
35.569
42.884
40.788
34.921
35.815
36.019
32.937
30.762
26.097
18.287
10.15
-2.2375
-16.5
-16.307
5.01
32.26
51.864
67.038
82.152
92.123
90.733
77.8
59.279
42.74
31.892
25.919
24.099
31.432
49.489
62.683
58.445
48.357
43.452
39.263
32.396
17.58
-6.6822
-14.964
11.779
45.463
52.469
34.56
3.983
-31.208
-58.059
-71.018
-75.828
-73.716
-66.226
-62.847
-65.021
-62.488
-52.662
-44.883
-44.176
-43.158
-32.714
-16.013
-5.8364
-8.1555
-18.197
-33.261
-54.776
-76.35
-85.192
-75.428
-49.705
-15.667
11.193
15.183
-3.4171
-31.497
-57.505
-73.916
-78.559
-76.772
-72.2
-63.254
-50.271
-33.85
-12.976
8.6362
22.264
21.208
11.18
9.4189
20.016
28.26
29.816
32.756
34.267
30.125
29.859
39.965
54.231
64.812
64.31
47.992
24.153
7.4585
4.4324
9.3312
2.6232
-27.533
-56.229
-53.639
-30.182
-11.564
-6.8537
-16.045
-30.703
-38.108
-38.48
-38.05
-35.569
-26.675
-11.551
0.54657
1.8486
2.222
15.487
35.569
41.628
23.887
-0.4809
-6.7638
7.0837
27.122
42.611
46.521
42.447
46.258
62.23
77.559
83.558
82.231
81.756
87.802
89.228
75.523
62.767
63.546
60.472
41.12
16.956
2.3633
5.8585
21.929
27.408
10.859
-11.685
-21.969
-19.108
-10.917
1.3185
19.329
35.988
45.612
52.163
52.078
35.48
7.2817
-17.863
-30.388
-26.109
-10.077
3.7408
7.7049
3.6095
-8.2757
-25.735
-36.29
-32.342
-27.074
-33.604
-40.381
-32.607
-20.712
-19.85
-22.229
-16.911
-12.328
-14.686
-14.519
-13.115
-24.012
-40.572
-44.837
-43.339
-54.419
-72.347
-74.726
-56.701
-37.048
-32.134
-40.768
-55.489
-70.063
-76.487
-70.479
-57.334
-46.668
-43.116
-40.462
-30.961
-20.838
-20.389
-24.502
-21.585
-10.568
1.571
5.8418
-4.4136
-23.868
-38.416
-43.618
-48.118
-57.614
-64.955
-58.306
-39.432
-26.372
-25.53
-18.303
3.9392
21.156
22.262
21.984
26.659
26.477
22.91
26.06
36.499
53.556
78.293
98.583
99.933
90.393
86.144
82.609
70.002
58.399
57.821
60.006
56.582
47.751
38.576
39.943
53.004
64.441
67.508
59.725
40.358
29.738
43.474
58.92
56.342
48.688
44.546
38.892
34.408
30.7
22.715
15.663
8.7472
-4.1671
-8.8777
2.5647
10.812
14.096
27.374
33.401
10.762
-20.295
-32.512
-25.363
-9.1475
1.9952
-5.4896
-21.752
-26.897
-31.329
-53.194
-72.301
-69.071
-66.693
-76.208
-72.411
-56.237
-51.963
-53.415
-49.289
-51.75
-61.555
-65.013
-60.364
-51.055
-40.841
-34.658
-28.756
-21.327
-14.699
0.40468
19.4
15.38
-5.7069
-9.658
2.1102
6.6787
3.2676
-2.6004
-9.4685
-10.308
-4.6664
2.47
12.292
18.8
12.71
5.2882
10.94
18.998
14.554
2.08
-13.783
-38.03
-59.602
-55.171
-32.438
-25.036
-36.465
-39.735
-31.045
-29.32
-31.72
-20.275
0.77721
15.605
26.902
38.196
31.765
7.5072
5.7574
42.931
78.751
85.248
78.36
68.42
51.8
39.112
39.003
42.101
42.171
42.099
41.688
40.384
38.386
32.082
24.635
26.724
34.654
34.46
27.75
22.322
15.216
9.486
13.682
18.853
15.462
15.02
22.13
20.887
8.1453
-0.5673
-1.5352
-2.793
-4.6233
-6.527
-13.391
-23.812
-32.822
-38.455
-35.812
-25.465
-20.228
-23.832
-24.147
-14.741
-1.9581
3.8337
-2.7665
-13.391
-16.917
-17.784
-22.287
-24.127
-22.367
-24.382
-26.168
-21.887
-19.112
-19.789
-14.786
-7.3037
-6.7704
-6.2726
0.93514
3.2424
-4.7775
-9.9364
-8.0219
-8.1213
-9.2079
-7.8718
-12.885
-25.581
-32.743
-29.45
-23.492
-21.604
-25.534
-31.355
-31.366
-24.138
-15.712
-8.9197
-1.8687
4.0653
4.3408
-2.6864
-13.41
-20.569
-22.163
-25.159
-29.441
-24.379
-9.8296
4.1171
13.919
18.924
16.676
9.2301
4.3784
10.919
25.197
30.653
25.118
21.432
20.998
20.754
23.496
25.01
22.778
24.734
31.133
35.425
37.811
38.646
37.418
37.634
37.247
29.405
17.017
9.6701
8.5511
5.8882
-1.6484
-6.7857
-4.0734
0.67756
2.1772
3.044
2.8531
-3.3493
-14.351
-23.36
-25.259
-19.237
-9.911
-3.6878
-2.1437
-2.7361
-2.746
-0.56897
2.1951
1.9499
-0.69243
-1.3375
1.2422
4.995
9.0417
12.084
10.986
6.0776
1.4345
-2.1218
-5.8302
-7.8192
-8.2356
-10.636
-12.474
-8.9325
-4.7356
-4.5495
-3.1949
0.43646
1.0506
2.1945
8.4868
11.853
6.357
0.38235
2.3305
8.4871
10.993
9.4814
7.751
5.2891
1.3545
-1.9526
-4.8431
-6.2732
-3.5237
-3.1594
-11.886
-18.289
-10.284
1.7882
4.5119
1.0443
-5.6459
-18.105
-27.698
-23.21
-7.7704
12.076
33.755
46.062
32.801
-3.4253
-40.276
-62.056
-66.353
-52.93
-30.779
-15.03
-4.4729
9.8084
23.363
26.61
16.959
3.4963
1.9753
10.415
12.726
11.816
18.419
23.597
17.291
3.1832
-13.397
-22.867
-14.984
1.0381
8.8067
10.829
17.967
29.539
36.789
33.671
21.966
8.9304
-1.2061
-10.589
-21.285
-27.882
-22.935
-9.9438
2.5261
12.732
15.206
1.578
-17.278
-23.587
-22.323
-27.632
-36.346
-33.697
-15.309
1.9307
1.4357
-4.2914
3.9221
16.586
17.315
10.36
4.9957
3.2773
1.7764
-8.6086
-23.701
-21.254
0.58858
18.373
20.387
4.5014
-26.652
-42.02
-17.422
16.046
21.199
6.4959
-3.68
0.21516
9.6009
7.2163
-5.4825
-15.091
-27.186
-46.547
-55.88
-41.81
-6.4696
37.898
64.834
56.19
27.106
1.9309
-11.866
-16.921
-24.409
-48.423
-74.036
-62.96
-16.16
17.659
18.642
19.148
34.351
44.833
51.999
68.866
75.066
53.44
24.832
4.3591
-11.346
-12.587
3.9254
20.481
37.467
62.556
69.995
45.286
22.031
17.959
6.9255
-24.147
-57.266
-69.231
-41.903
18.762
71.659
84.329
73.133
69.565
71.388
60.413
38.367
16.863
3.0539
-3.4617
-19.525
-52.465
-71.994
-52.675
-12.359
21.502
43.812
55.631
45.555
8.8908
-30.27
-49.613
-57.389
-60.176
-48.324
-28.511
-20.788
-25.27
-24.452
-14.005
-10.18
-19.534
-30.105
-43.578
-71.068
-98.103
-99.969
-76.976
-48.778
-32.243
-32.868
-46.657
-62.419
-67.339
-61.395
-53.22
-39.721
-18.749
-5.118
-3.0207
-1.8039
-10.865
-39.581
-60.163
-52.984
-41.246
-40.408
-42.449
-49.708
-58.348
-50.644
-34.592
-27.044
-15.811
7.532
29.869
50.269
72.692
80.616
63.305
40.877
37.292
46.505
46.076
36.556
36.773
46.121
50.058
48.06
43.441
30.703
13.361
7.5921
15.387
18.647
11.789
9.0511
12.073
14.109
25.378
48.479
65.365
71.961
74.921
67.877
49.813
30.216
13.323
8.0523
21.749
41.825
59.037
77.174
89.921
94.114
101.84
109.85
102.53
85.454
75.289
76.938
86.262
92.554
86.319
73.837
65.896
60.117
50.503
37.54
20.618
-1.3256
-20.128
-27.46
-31.016
-41.007
-47.518
-40.435
-38.695
-59.657
-81.171
-79.184
-69.395
-71.573
-75.382
-68.574
-58.12
-51.845
-48.413
-46.384
-46.108
-45.906
-46.679
-53.343
-63.754
-68.659
-65.532
-57.46
-46.023
-36.971
-37.888
-46.661
-54.86
-58.76
-60.524
-62.367
-63.786
-65.324
-68.919
-72.401
-72.055
-69.747
-69.148
-69.297
-69.216
-71.085
-72.386
-68.218
-64.034
-67.19
-72.834
-75.594
-76.377
-72.074
-62.107
-55.292
-54.939
-55.062
-52.445
-48.594
-45.239
-41.433
-35.243
-29.813
-27.165
-20.202
-5.3946
10.127
21.069
27.302
29.733
32.213
38.28
47.862
60.289
72.314
78.371
78.942
81.149
89.752
101.49
109.73
114.81
122.2
129.56
129.52
123.68
117.58
108.69
95.412
87.027
90.578
99.694
103.88
98.376
84.632
70.776
67.552
75.24
82.408
83.857
84.179
81.667
72.245
62.939
58.534
52.379
43.041
37.636
38.797
43.061
44.399
38.541
29.377
22.586
16.405
8.7742
2.9418
0.013038
-2.6863
-5.9918
-8.6255
-8.9522
-7.7515
-11.173
-22.119
-33.223
-39.815
-45.428
-48.513
-46.504
-47.469
-54.504
-56.844
-51.879
-50.504
-55.823
-59.443
-57.025
-53.56
-54.696
-59.23
-63.301
-68.145
-76.547
-83.82
-80.211
-64.436
-47.844
-40.494
-42.354
-49.839
-57.672
-59.904
-61.062
-70.964
-83.373
-83.571
-74.62
-68.391
-60.837
-44.283
-27.489
-21.736
-27.046
-38.328
-47.044
-47.345
-46.297
-49.699
-51.223
-49.09
-47.907
-45.663
-41.842
-41.882
-43.461
-39.534
-32.072
-26.465
-22.331
-19.623
-20.946
-22.824
-19.517
-13.708
-8.9705
-3.1956
2.943
6.191
4.8195
-2.4482
-9.9057
-9.7929
-6.8824
-4.9932
3.3
15.05
19.033
19.392
23.35
26.147
27.353
31.787
35.451
35.474
38.114
47.243
61.976
78.759
89.429
91.533
90.955
87.526
80.863
80.823
89.171
94.8
95.02
94.387
92.614
89.576
87.034
88.425
99.143
111.77
110.5
99.201
91.715
87.535
87.251
96.536
104.43
98.229
85.246
73.336
59.61
45.172
36.946
40.232
51.922
54.809
36.793
13.372
3.9802
0.85522
-11.241
-26.169
-30.5
-27.069
-27.337
-32.464
-36.256
-41.367
-53.613
-62.87
-56.651
-46.205
-49.458
-62.731
-71.759
-71.433
-64.91
-58.675
-59.919
-70.732
-83.849
-89.804
-90.327
-93.632
-97.514
-93.355
-81.408
-69.776
-64.174
-62.97
-63.382
-69.024
-79.422
-83.455
-79.029
-77.501
-79.409
-74.611
-67.259
-70.209
-78.494
-79.011
-76.152
-74.233
-59.89
-35.867
-27.327
-34.223
-35.258
-31.261
-30.289
-24.544
-13.088
-4.8068
-3.1088
-14.106
-34.415
-33.35
4.6865
48.491
66.651
59.726
34.931
2.7767
-11.569
0.01551
12.688
11.684
11.783
23.336
37.035
42.154
37.27
29.633
29.747
39.546
48.805
47.67
41.053
44.986
62.841
75.917
70.344
58.218
56.766
62.147
61.055
56.744
63.684
82.548
100.47
111.94
120.85
123.72
109.18
80.782
62.498
66.334
73.169
62.093
37.913
17.422
6.6714
2.3947
5.5491
16.738
23.925
20.693
22.228
34.053
39.475
37.257
41.11
44.524
35.15
19.562
6.5211
-2.8819
-10.478
-22.406
-35.603
-37.009
-30.944
-30.9
-31.904
-25.963
-18.629
-17.763
-27.486
-42.081
-48.627
-50.34
-60.244
-73.259
-78.619
-80.112
-80.26
-72.212
-57.058
-42.655
-27.739
-13.343
-13.621
-27.216
-30.574
-21.161
-21.405
-37.398
-59.62
-82.06
-89.52
-67.72
-35.934
-22.555
-22.092
-19.729
-23.357
-36.902
-46.92
-49.638
-49.139
-40.661
-23.952
-6.7258
11.211
33.616
57.658
75.934
79.385
66.644
48.562
33.228
19.4
4.4003
-14.815
-38.023
-56.828
-63.577
-56.59
-37.415
-13.013
9.7505
28.646
35.465
23.777
4.7622
-13.839
-35.852
-46.53
-28.957
-3.8832
3.8138
3.1886
7.9669
19.839
40.009
56.534
50.226
28.267
12.087
4.0877
-0.67211
1.6039
9.1457
12.53
8.6684
0.1642
-8.1482
-10.505
-10.251
-16.467
-27.48
-33.648
-29.082
-13.67
4.8616
15.758
18.599
21.85
29.026
34.903
33.815
25.136
9.3866
-11.375
-26.604
-24.041
-5.0595
17.059
32.215
40.444
44.968
42.045
23.628
-6.8109
-30.027
-29.229
-5.3458
26.783
51.492
64.665
70.845
69.87
61.71
52.213
39.387
20.054
8.5859
17.588
36.088
45.056
37.99
26.384
26.119
34.876
41.176
47.653
60.259
71.333
67.216
42.984
13.776
3.0167
9.0143
10.599
5.5744
4.7111
4.6433
1.4106
-0.13849
-5.2109
-20.281
-34.151
-36.5
-32.234
-28.344
-28.422
-32.398
-36.578
-44.807
-61.622
-72.536
-62.552
-42.694
-29.64
-22.617
-18.375
-20.17
-25.569
-31.943
-45.976
-66.232
-78.115
-77.551
-70.984
-59.898
-53.568
-67.986
-91.954
-96
-79.056
-62.831
-53.119
-40.582
-19.375
5.5562
15.792
0.27088
-23.725
-36.051
-38.064
-35.465
-26.705
-12.327
3.1491
17.613
30.492
34.588
25.186
14.61
8.0793
-9.5217
-30.943
-24.784
6.388
28.784
31.473
29.551
34.568
47.491
61.735
64.951
51.131
32.719
28.116
35.884
38.756
32.682
28.052
27.036
24.914
23.349
24.83
29.984
42.11
54.343
49.715
32.637
25.781
29.374
30.337
36.203
51.906
59.279
52.115
43.748
32.116
7.5625
-12.158
-0.97299
27.827
31.708
-1.6419
-34.536
-28.958
2.7133
18.722
8.8824
-5.3941
-15.824
-19.702
-5.8016
10.209
-0.16335
-21.919
-25.246
-15.794
-5.5221
6.4727
10.611
3.7273
4.4011
12.874
7.0745
-10.389
-16.879
-6.0172
16.113
37.315
37.407
13.511
-11.428
-18.847
-11.233
-5.6667
-12.431
-13.239
4.7407
9.826
-16.847
-36.743
-26.794
-14.551
-11.385
-1.2109
13.495
20.814
17.849
-0.27181
-26.932
-41.202
-42.949
-46.033
-44.936
-34.796
-29.364
-30.847
-25.796
-12.197
0.77231
4.3919
-3.0991
-10.023
-9.0965
-10.831
-15.99
-10.644
1.3445
7.7324
15.411
26.629
23.4
3.8499
-9.4666
-9.0707
-9.9877
-17.572
-22.683
-27.899
-44.919
-64.509
-67.291
-58.525
-50.507
-36.338
-15.228
-0.89736
5.2656
9.1323
10.819
15.251
25.529
34.314
38.139
36.338
