-70.698
-74.615
-75.481
-74.739
-73.426
-68.815
-58.853
-44.141
-26.166
-6.7466
13.403
30.325
33.356
20.244
7.8788
8.1956
6.826
-8.1087
-14.1
14.066
60
90.529
101.59
104.28
94.069
65.018
29.718
6.2535
1.3553
10.503
25.085
38.078
46.479
52.611
59.675
61.801
48.368
20.278
-9.7821
-30.476
-35.367
-20.444
9.8098
39.669
56.94
61.013
52.905
36.288
19.222
0.080064
-21.686
-27.007
-8.2024
9.8373
11.08
8.8253
10.589
5.2979
-10.032
-21.617
-21.33
-16.377
-7.9035
13.427
39.813
51.646
50.469
46.546
35.197
16.574
3.5909
-2.9263
-12.988
-21.513
-10.446
19.622
40.424
31.728
6.7181
-11.689
-16.661
-12.443
-7.0636
-10.078
-20.755
-26.274
-19.631
-5.2533
12.421
30.742
45.29
53.226
55.179
52.317
42.073
23.319
8.3866
9.1895
15.433
15.469
18.824
35.349
58.983
75.721
72.602
49.834
16.409
-27.226
-74.44
-104.82
-115.34
-115.61
-99.053
-64.76
-33.475
-18.955
-21.546
-37.382
-51.169
-51.266
-46.714
-41.254
-24.24
-3.6753
-1.6062
-16.035
-28.698
-35.11
-40.868
-47.795
-50.642
-41.798
-28.961
-33.658
-57.428
-73.99
-61.474
-23.32
16.63
31.953
19.152
4.3281
10.234
25.119
26.295
19.058
20.924
31.502
46.945
70.468
91.263
86.305
50.62
5.8259
-25.57
-42.306
-51.896
-53.097
-45.366
-36.888
-35.81
-41.414
-39.256
-18.77
0.74779
-1.7735
-7.4106
9.6876
35.515
43.107
34.704
29.351
31.944
33.542
29.775
25.658
27.722
35.751
40.019
31.247
10.878
-10.08
-13.111
8.6856
25.076
8.315
-12.53
-2.9266
14.557
12.753
4.5151
-1.4582
-11.072
-13.442
-0.58418
13.552
19.458
18.393
13.498
14.367
21.432
20.64
12.263
4.351
-8.8163
-23.183
-25.375
-24.191
-28.297
-25.437
-14.821
-6.3428
3.4211
13.702
17.73
20.677
20.33
7.3202
-3.7136
4.0198
17.985
24.23
26.948
31.594
39.827
45.166
31.808
4.524
-9.1017
-3.5712
2.3383
1.4568
-3.5078
-10.756
-13.714
-11.444
-8.7767
-0.79924
11.629
15.436
13.941
17.606
15.868
1.3119
-11.91
-16.499
-20.514
-29.97
-45.661
-59.656
-57.507
-42.561
-33.996
-32.395
-21.716
-0.49138
19.66
31.057
28.507
11.666
-6.0847
-7.3521
10.904
34.877
50.143
57.606
65.087
68.879
60.358
43.381
30.063
26.744
30.683
34.264
29.92
14.203
-7.0916
-18.628
-13.633
-10.261
-28.598
-57.314
-70.428
-66.803
-63.05
-61.136
-53.72
-47.391
-51.761
-58.551
-56.896
-55.141
-63.461
-71.844
-68.366
-58.864
-50.171
-39.097
-27.249
-20.442
-15.623
-7.779
0.81009
5.8564
4.839
-2.6717
-11.819
-13.829
-6.6383
-0.2047
-1.6117
-5.2556
-7.6885
-8.3861
2.9762
25.924
36.155
22.778
5.2965
2.3173
13.826
26.096
19.946
-6.4424
-25.525
-13.008
19.52
44.455
52.337
48.023
37.003
29.76
34.459
41.463
37.065
26.45
26.57
43.413
67.01
85.014
92.594
90.264
78.78
57.883
32.13
12.626
3.3986
-0.53962
1.8244
9.7811
11.847
9.6729
19.29
38.647
51.707
52.996
43.571
28.213
16.588
8.4683
-0.79114
-6.29
-10.996
-24.593
-35.581
-29.208
-17.697
-14.934
-12.954
-5.0283
-0.2434
-4.2308
-6.6587
0.15896
2.8685
-15.082
-47.611
-71.301
-65.693
-32.763
-2.8361
-0.043279
-11.441
-16.536
-17.891
-22.25
-27.044
-30.977
-31.738
-24.352
-13.713
-9.236
-9.7554
-13.363
-25.777
-43.073
-50.888
-49.045
-51.173
-60.868
-70.648
-77.513
-78.731
-63.167
-33.397
-18.355
-31.916
-51.134
-58.098
-55.189
-40.781
-17.691
0.51281
13.331
26.291
32.625
31.938
36.821
47.645
49.424
35.998
17.411
2.2093
-10.418
-18.907
-19.946
-17.551
-12.433
1.9162
21.256
33.295
37.889
41.809
44.128
43.126
44.814
53.265
60.662
56.984
47.7
48.522
58.951
61.106
50.91
42.701
40.093
34.22
26.01
23.59
28.548
36.385
41.14
40.832
36.92
27.959
17.823
17.686
25.5
27.483
19.15
3.9586
-12.263
-21.523
-22.811
-19.427
-12.075
-4.7249
1.007
8.1455
12.267
11.611
11.892
7.441
-5.4026
-12.983
-13.783
-22.16
-34.961
-36.733
-28.593
-22.934
-20.382
-14.113
-10.032
-16.218
-23.749
-23.762
-19.523
-13.158
-11.129
-25.878
-50.182
-62.359
-59.754
-54.509
-48.083
-36.386
-25.375
-19.725
-9.9903
8.6572
22.975
25.653
27.203
30.559
25.401
11.947
-0.69225
-11.299
-18.76
-16.913
-6.3853
6.3057
14.568
12.133
1.2173
-10.519
-23.502
-38.067
-48.293
-55.502
-62.795
-63.276
-55.741
-50.081
-47.736
-41.782
-32.948
-26.895
-24.237
-22.996
-22.76
-20.107
-8.5192
8.0929
16.355
17.242
21.761
23.296
13.042
4.1238
4.1247
1.1115
-5.6157
-4.9498
0.69172
1.5935
-3.0082
-5.1732
4.1258
21.776
33.979
37.271
37.82
36.931
39.104
51.276
65.358
71.762
76.999
84.705
87.632
83.579
74.189
61.709
54.368
55.69
60.117
66.364
72.588
68.32
51.045
31.151
14.311
0.383
-8.1352
-13.467
-22.573
-33.304
-37.94
-34.67
-23.915
-9.0052
-2.0285
-10.934
-27.572
-40.262
-45.628
-41.51
-25.47
-6.9445
0.45315
0.2346
0.88208
-1.7338
-4.1931
5.3921
15.038
4.8832
-11.486
-9.9538
1.1243
-0.65348
-14.848
-26.702
-28.844
-20.784
-11.555
-17.814
-35.787
-40.604
-27.324
-15.505
-12.483
-8.2965
-3.0541
-8.7608
-22.617
-27.54
-23.547
-27.386
-40.595
-45.487
-31.397
-10.254
-0.762
-3.2566
-8.1089
-17.643
-33.836
-43.593
-36.128
-19.114
-10.589
-15.717
-17.15
-3.8899
9.1944
9.9308
3.2485
-9.1379
-25.145
-29.135
-13.492
3.1114
-0.89096
-18.603
-23.474
-8.0597
9.1974
15.747
14.62
12.308
16.872
24.167
13.049
-14.407
-24.734
-7.153
14.929
27.052
31.873
26.773
7.6834
-11.861
-14.027
-9.2892
-18.432
-30.971
-30.264
-26.448
-22.444
-4.2223
17.421
16.552
-1.5506
-9.276
1.4707
13.894
12.425
-3.6506
-24.135
-32.462
-18.871
5.9726
28.091
51.818
81.503
101.61
99.47
83.101
59.837
29.869
5.3552
-3.1799
-7.9268
-15.986
-10.054
19.447
55.276
70.477
51.892
20.881
10.86
14.482
6.8371
0.29282
5.9558
0.32004
-16.393
-13.617
7.3744
25.751
41.601
54.064
57.504
62.5
62.864
31.944
-8.7282
-9.4043
16.55
27.31
29.42
34.937
29.78
17.39
8.4583
-3.5617
-13.725
-16.652
-29.155
-44.697
-31.684
-1.1444
7.5471
-5.9954
-19.943
-32.321
-44.424
-48.54
-44.476
-37.297
-29.917
-28.398
-30.465
-17.188
13.234
29.325
16.214
-2.3989
-13.966
-30.562
-53.335
-73.795
-84.736
-76.703
-60.046
-57.452
-56.757
-35.956
-15.966
-20.179
-32.478
-40.655
-55.149
-70.102
-67.949
-53.196
-37.542
-16.65
9.4762
23.42
18.038
6.8471
-3.5235
-17.091
-28.153
-31.23
-32.458
-29.981
-13.184
15.731
46.083
73.008
92.618
99.01
93.69
84.378
70.135
44.924
17.655
5.1078
9.1373
20.101
30.06
36.683
45.043
57.031
60.687
45.672
18.743
-6.6385
-24.793
-36.411
-38.378
-26.025
-8.0299
-1.1725
-8.1716
-19.884
-32.704
-47.556
-62.659
-76.784
-89.232
-92.286
-78.575
-59.319
-49.516
-39.035
-16.499
-0.97172
-9.6034
-28.675
-40.953
-44.597
-40.176
-23.209
9.5567
47.506
69.468
72.654
75.728
84.463
85.878
73.649
54.194
38.893
35.297
35.986
32.133
32.659
42.454
48.445
48.889
54.097
56.735
45.901
31.143
21.758
13.353
4.8697
1.2197
6.128
21.216
36.82
39.335
37.42
46.538
54.654
43.447
22.006
10.289
12.768
19.356
18.475
8.8532
-1.9421
-8.4489
-8.1646
-1.9222
1.6483
-2.2938
-6.7068
-8.0834
-9.6072
-11.274
-17.297
-31.305
-41.567
-43.125
-47.968
-53.496
-47.247
-34.523
-26.47
-29.76
-44.973
-54.765
-49.98
-52.799
-72.809
-86.956
-84.307
-77.87
-70.885
-49.731
-11.483
23.008
37.822
44.683
51.451
40.866
11.012
-11.252
-17.801
-22.9
-24.512
-18.007
-15.684
-17.649
-11.28
0.36504
9.3077
12.421
-0.6877
-29.495
-48.018
-40.065
-21.734
-12.326
-10.748
-8.1858
-0.85284
12.011
26.434
33.423
28.175
15.016
3.5632
-0.12591
1.0917
4.8981
13.484
20.594
16.799
8.1082
4.2177
-1.6426
-19.113
-38.603
-40.017
-22.069
-6.4356
-1.4508
13.014
43.952
66.611
66
51.184
27.763
1.047
-14.852
-19.152
-21.589
-18.79
-4.9288
16.613
42.41
61.799
57.833
35.429
15.738
5.1207
5.999
27.37
55.788
67.376
71.912
83.695
80.637
51.078
24.49
16.281
5.4371
-17.912
-34.638
-28.912
-10.041
1.4426
0.97307
2.2177
12.534
22.394
21.595
13.519
8.7364
10.884
16.916
23.894
25.855
21.122
24.567
40.49
39.3
4.0014
-35.718
-53.435
-59.799
-66.085
-66.8
-63.973
-68.604
-79.459
-84.229
-78.934
-70.015
-62.042
-58.437
-63.222
-70.608
-70.48
-67.73
-73.336
-75.482
-52.408
-19.784
-11.956
-15.392
1.438
20.825
20.485
16.058
13.913
9.9649
16.588
27.585
24.511
19.531
21.442
17.587
17.819
35.172
49.047
44.883
33.288
21.79
16.252
18.659
14.096
0.46098
-3.6602
-1.2751
-9.3134
-20.034
-21.291
-19.378
-14.407
3.7479
27.936
38.191
33.371
30.133
31.81
29.107
24.096
19.057
7.5861
1.9617
21.755
53.577
72.502
78.223
81.082
86.483
90.498
77.854
49.46
30.351
27.515
22.764
7.058
-15.925
-36.959
-39.361
-22.376
-14.645
-34.386
-58.551
-58.773
-44.11
-37.861
-37.819
-32.322
-26.72
-28.343
-31.674
-29.041
-20.468
-12.425
-8.7268
-4.4296
4.8727
14.168
15.194
6.2678
-4.9701
-9.4918
-7.1894
-3.6897
-3.5452
-11.407
-25.607
-32.817
-26.146
-16.747
-15.591
-20.525
-23.813
-20.051
-10.497
-2.0958
-1.2462
-11.869
-30.383
-41.866
-37.108
-24.968
-15.202
-6.2807
3.2497
7.7681
4.0962
-1.5941
-5.1506
-11.513
-17.552
-11.964
-0.30294
5.6975
12.593
23.55
24.526
12.592
-0.20281
-9.0038
-14.108
-13.455
-9.3333
-8.207
-12.094
-14.829
-10.403
-2.976
3.1242
11.427
19.122
21.275
25.672
33.733
34.879
32.783
34.71
32.247
27.045
33.047
41.737
34.854
22.814
26.091
35.962
33.694
26.327
25.33
22.385
16.161
19.114
25.489
17.424
-0.87114
-9.7413
-6.2371
-3.1464
-2.1349
2.9469
4.6433
-2.1033
-3.4493
5.0687
6.3045
-8.1101
-25.517
-32.154
-26.557
-13.996
-1.6966
-0.79717
-13.583
-25.513
-31.067
-39.701
-48.418
-50.076
-51.151
-51.661
-45.576
-40.754
-42.689
-42.65
-35.591
-23.898
-10.8
-0.30618
6.8207
10.828
9.8109
10.648
21.913
30.452
20.628
9.3067
17.689
30.368
26.383
17.548
21.009
28.719
24.832
10.416
1.3704
4.9682
7.5368
-1.3929
-11.663
-16.224
-21.217
-24.987
-20.822
-9.7044
9.8543
34.147
41.274
25.239
11.636
11.211
9.9301
9.0836
18.811
29.308
27.402
16.216
6.0604
3.3022
4.6752
1.8706
-3.9579
-2.4763
10.467
26.466
35.913
40.015
41.669
35.532
21.38
9.2756
3.7551
-0.79742
-11.102
-27.263
-40.068
-38.168
-19.946
1.5613
12.045
14.62
14.452
1.4543
-20.478
-29.23
-26.805
-29.588
-31.874
-27.377
-27.658
-34.685
-35.357
-27.242
-22.024
-25.903
-33.159
-37.321
-36.761
-32.659
-29.432
-30.199
-33.674
-42.254
-55.67
-56.799
-36.434
-18.37
-19.785
-20.186
-6.0938
4.8876
4.9628
6.0282
11.967
18.278
18.298
5.9239
-5.8385
2.8301
21.666
28.864
29.31
36.242
47.3
57.129
62.429
59.804
54.7
53.068
49.879
45.271
47.96
52.893
47.54
35.873
26.54
18.099
15.715
27.989
43.203
46.706
45.905
46.871
37.945
17.575
3.3311
1.3858
-2.3023
-14.754
-26.536
-29.922
-24.195
-12.047
-4.7899
-10.475
-17.584
-16.993
-19.869
-31.023
-38.599
-38.868
-37.224
-36.289
-42.078
-54.591
-58.781
-52.645
-50.566
-46.877
-26.527
-0.62156
16.296
28.922
30.021
2.1845
-36.767
-54.012
-56.673
-64.62
-66.193
-54.026
-47.4
-47.717
-37.018
-20.033
-7.3751
13.212
44.667
63.091
55.608
38.373
29.95
30.074
29.379
27.649
29.952
31.848
25.031
13.501
11.427
24.175
41.511
56.035
71.691
85.788
87.682
77.037
60.617
41.976
26.26
16.662
4.7669
-18.323
-44.644
-57.53
-55.037
-50.71
-50.261
-45.603
-36.685
-35.707
-40.779
-36.243
-28.239
-38.267
-56.965
-55.638
-40.827
-40.93
-50.627
-48.13
-43.012
-46.163
-37.126
-16.113
-19.098
-43.833
-45.309
-17.211
1.7383
-4.3766
-13.226
-6.3585
9.1262
22.535
40.383
67.428
86.34
82.817
69.163
59.45
51.072
46.053
50.876
52.666
42.169
40.545
56.545
63.349
50.576
38.036
34.513
34.969
33.896
20.692
-4.7606
-24.865
-31.719
-32.072
-29.718
-28.926
-34.69
-40.021
-36.95
-31.797
-31.313
-31.429
-28.035
-24.264
-24.248
-24.014
-18.606
-16.052
-17.821
-4.9342
21.956
34.52
27.05
18.081
14.359
13.188
13.542
15.709
21.033
25.897
30.205
41.096
48.143
34.617
12.101
-2.0141
-8.8781
-6.8749
8.2685
25.731
29.988
14.862
-10.987
-25.145
-15.92
0.63996
5.587
0.47416
-9.8957
-31.392
-58.516
-73.321
-79.433
-91.437
-97.723
-83.161
-59.36
-41.258
-31.192
-26.771
-19.174
-2.3737
13.843
18.233
14.255
14.765
27.794
47.947
63.918
71.976
77.024
82.608
81.912
68.065
53.054
50.969
48.375
26.889
1.3375
-3.1436
4.4951
-0.207
-10.852
-7.7359
-2.2959
-14.531
-31.763
-34.841
-35.894
-54.765
-80.833
-87.308
-74.156
-65.727
-68.021
-66.385
-58.703
-52.329
-45.001
-35.32
-28.431
-18.903
6.419
38.211
45.711
24.962
7.4462
7.8177
16.417
31.38
44.239
38.702
27.161
28.041
31.85
31.445
29.564
18.338
2.9826
5.911
24.768
35.757
34.76
36.381
41.256
32.949
8.63
-13.182
-21.554
-22.377
-20.448
-18.539
-21.808
-26.281
-22.332
-11.224
1.4987
14.578
21.261
16.779
12.062
12.551
5.0227
-12.85
-22.223
-14.569
-1.4744
10.952
30.899
59.717
79.409
71.86
42.418
10.48
-13.889
-27.702
-27.668
-20.979
-20.594
-24.194
-20.392
-9.7021
-3.7985
-11.131
-25.521
-30.668
-23.529
-19.655
-28.529
-44.246
-57.816
-59.095
-41.11
-15.503
-2.2726
-2.0561
-3.0426
-5.6219
-14.903
-26.309
-36.597
-47.087
-52.265
-47.791
-41.392
-40.72
-43.222
-41.698
-30.57
-11.4
5.1047
10.074
8.0713
10.522
19.272
24.686
21.445
16.362
16.878
22.905
30.336
32.937
28.778
26.078
27.581
24.335
18.796
22.29
29.627
33.911
44.568
61.721
70.61
70.825
73.422
79.188
82.767
80.992
74.177
69.226
69.237
64.157
49.433
36.559
30.021
19.734
4.8435
-3.8537
-5.4024
-7.9464
-13.841
-20.161
-24.707
-27.426
-29.192
-27.626
-20.325
-13.457
-16.083
-28.462
-45.18
-60.877
-66.556
-56.918
-43.277
-36.721
-29.89
-17.829
-8.351
-2.4242
1.5603
-2.4124
-12.38
-19.598
-23.457
-25.356
-25.81
-28.292
-29.623
-22.166
-10.136
-4.7069
-8.114
-15.301
-22.516
-27.254
-27.113
-23.904
-24.279
-31.934
-42.006
-45.759
-40.756
-35.337
-36.57
-37.656
-33.23
-32.256
-34.467
-27.22
-18.531
-23.31
-27.288
-17.421
-12.017
-21.084
-24.316
-11.327
-0.43949
0.34885
11.696
36.747
45.206
32.506
29.935
43.032
51.204
51.794
48.45
34.932
16.095
5.1474
3.6332
7.0096
13.292
22.334
35.427
47.703
51.173
51.319
53.436
43.729
18.613
0.40882
0.3574
10.314
26.328
41.005
43.39
40.15
38.992
30.958
14.44
2.649
4.3471
16.445
24.197
14.734
-3.9948
-15.766
-15.142
-3.8617
9.5849
12.564
4.9638
-3.3639
-9.8702
-14.56
-12.011
-3.881
-0.03984
-1.9359
-6.2079
-14.693
-22.96
-22.451
-18.381
-17.615
-13.229
-2.7803
4.2911
5.6882
6.7186
6.0501
-0.52097
-10.9
-21.469
-33.199
-45.178
-48.202
-36.948
-22.273
-16.061
-14.706
-9.4805
3.2967
22.716
37.176
32.57
13.134
-7.4588
-21.321
-18.407
0.72219
10.219
-2.4456
-16.437
-19.761
-20.108
-18.556
-16.081
-16.75
-13.681
-7.1715
-11.316
-24.029
-31.467
-33.071
-31.47
-25.257
-19.72
-16.103
-1.932
26.215
47.88
41.379
9.6864
-22.768
-34.258
-25.024
-10.203
1.5075
9.7136
13.909
17.146
21.538
20.044
10.747
1.7963
-5.368
-11.222
-8.0446
2.4578
8.5253
14.779
33.569
54.72
58.326
42.034
16.16
-5.1481
-11.268
-10.085
-10.977
-2.4064
18.629
31.963
32.751
35.3
39.097
33.505
18.725
-0.66861
-21.972
-39.712
-48.98
-47.824
-34.343
-11.686
9.4345
18.126
8.4061
-13.332
-29.063
-34.539
-42.001
-48.54
-43.315
-35.609
-32.476
-22.593
-8.0221
-3.7431
-5.4756
-3.5369
-5.6562
-15.773
-23.626
-24.067
-19.399
-12.335
-5.6823
3.6607
16.556
19.372
10.11
12.517
32.166
40.51
22.429
-6.7497
-31.075
-42.454
-36.309
-19.923
-6.4166
-1.0913
-2.1697
-1.8471
7.0538
19.337
27.669
31.402
28.132
24.021
34.858
52.428
53.75
46.854
49.481
48.051
32.377
21.683
20.45
10.803
-2.5853
-2.2205
2.9067
-3.8236
-14.033
-8.8426
11.741
26.87
24.788
22.321
30.592
28.88
9.4965
1.6009
15.006
19.601
4.3245
-1.9163
18.322
43.676
48.983
39.248
32.199
24.402
1.7563
-28.487
-48.025
-53.531
-46.148
-26.165
-10.492
-11.552
-12.805
-5.7569
-4.5963
-8.6371
-11.453
-20.797
-28.052
-17.801
-4.7105
-5.5754
-17.875
-38.969
-55.45
-48.858
-35.012
-40.204
-54.993
-60.307
-63.145
-78.46
-101.18
-109.65
-92.85
-63.142
-38.979
-29.654
-32.026
-31.583
-22.794
-19.159
-22.37
-13.822
8.6194
27.326
36.252
41.095
46.081
55.307
68.228
81.358
94.914
100.35
88.162
70.087
52.199
21.807
-8.7894
-11.985
7.2028
32.069
54.508
55.739
32.95
15.807
12.849
1.3368
-25.123
-53.418
-72.07
-74.088
-64.274
-50.496
-25.353
8.1485
19.936
0.11947
-23.089
-35.116
-49.613
-65.086
-61.219
-38.103
-14.399
8.4261
40.37
70.314
79.67
77.255
79.45
72.853
39.145
-5.5464
-35.894
-52.711
-59.398
-40.593
5.2593
49.505
69.034
63.833
40.67
15.766
12.152
24.85
27.742
21.459
20.443
15.597
3.6836
4.7871
18.172
21.709
13.922
4.6194
-6.3972
-14.343
-10.937
0.69237
15.007
26.701
27.431
23.042
27.265
30.099
16.111
1.5434
4.6331
9.9353
2.9395
-0.83131
11.823
27.762
28.394
11.785
-8.3724
-18.365
-18.177
-15.658
-13.139
-10.629
-12.466
-20.908
-30.931
-34.871
-32.567
-33.896
-37.393
-22.773
10.568
33.664
34.246
24.306
8.1825
-13.395
-34.886
-57.566
-78.078
-84.024
-80.373
-82.771
-86.596
-77.409
-55.12
-31.186
-18.321
-20.199
-26.759
-26.785
-17.696
-6.5257
-4.1908
-3.5734
13.166
32.916
31.264
23.185
29.966
36.531
27.913
13.617
3.1201
-0.065746
5.5003
10.997
8.0992
5.2735
11.839
16.126
3.3266
-15.245
-20.237
-16.952
-19.726
-26.763
-28.073
-14.127
14.185
33.298
29.665
26.396
33.747
27.827
9.0458
2.0262
-0.57278
-13.818
-21.104
-14.016
-6.8782
-0.61368
7.6675
11.88
20.892
38.458
39.387
18.618
7.3171
14.96
24.283
35.178
53.326
62.007
47.799
27.86
21.558
17.988
1.7862
-14.721
-16.612
-10.633
-4.073
2.8265
2.5575
-10.603
-30.94
-45.316
-31.987
10.056
35.417
21.871
15.123
34.409
36.878
11.64
-14.432
-35.01
-36.291
1.0121
46.623
64.591
66.736
63.912
46.996
23.886
5.3984
-12.426
-21.184
-8.5883
8.8537
12.775
17.544
34.377
35.922
-2.0128
-53.431
-74.247
-58.828
-29.89
2.4777
30.215
32.541
14.834
7.3165
6.4536
-5.3725
-7.4217
11.718
21.971
15.007
9.6737
0.18117
-21.371
-41.194
-60.923
-88.172
-102.57
-95.243
-92.982
-105.02
-109.63
-101.18
-91.157
-77.455
-51.567
-13.419
27.465
47.007
31.85
10.764
9.4758
5.3857
-19.489
-42.636
-49.318
-46.143
-32.89
-12.608
2.8996
9.0479
0.77725
-20.542
-33.569
-33.913
-39.105
-37.131
-10.423
11.787
6.0079
-1.1651
8.906
19.347
24.125
40.239
71.522
96.92
100.65
90.184
74.036
52.254
35.446
35.138
42.319
47.845
59.923
77.763
80.283
59.464
33.42
17.201
10.286
7.0587
1.9578
1.7431
16.765
28.183
17.433
7.6178
11.322
3.9423
-12.149
-6.2253
23.234
56.292
76.821
72.604
54.04
47.121
49.797
41.072
20.967
1.1292
-16.303
-30.568
-38.897
-43.841
-51.034
-61.763
-68.007
-58.858
-38.763
-25.812
-22.143
-11.002
5.5685
6.8862
0.029628
9.2179
23.545
18.005
1.5391
-6.1887
-7.1122
-8.7727
-13.147
-25.316
-49.749
-80.178
-100.86
-98.523
-74.697
-45.035
-25.495
-21.361
-28.906
-42.705
-56.795
-64.52
-65.91
-66.612
-63.64
-50.459
-34.529
-23.213
-8.2286
9.6292
12.884
0.19277
-12.33
-19.409
-22.849
-17.84
-3.6206
13.024
30.031
48.184
62.057
65.706
58.542
42.6
26.551
21.885
21.875
9.2016
-10.03
-14.957
-4.195
11.047
25.394
33.437
34.408
40.888
58.841
75.267
80.162
79.732
79.879
75.544
63.448
50.587
43.478
39.67
31.829
15.89
0.042761
-0.74985
12.7
23.878
26.004
24.698
20.413
8.5926
-8.8616
-23.586
-31.309
-37.785
-47.324
-51.477
-43.043
-29.669
-20.429
-16.578
-17.917
-18.992
-12.368
-7.133
-18.348
-39.998
-54.348
-54.726
-44.517
-31.038
-20.68
-10.106
4.1035
12.335
11.365
13.576
17.437
9.1946
-3.1326
-1.9128
12.334
31.761
47.319
46.1
29.964
15.837
13.346
22.941
35.483
29.528
0.83304
-23.668
-26.64
-19.842
-15.698
-17.149
-23.151
-23.03
-10.661
2.0831
8.0236
10.822
5.531
-9.2896
-19.141
-20.489
-28.021
-45.957
-62.01
-66.377
-62.485
-62.851
-70.253
-72.499
-66.213
-55.166
-30.056
6.2261
28.881
36.409
43.808
42.66
29.58
21.753
19.066
15.083
19.716
29.272
27.517
20.123
20.74
21.559
6.7418
-16.006
-18.954
1.8697
15.334
4.0763
-12.516
-12.361
4.7851
23.03
25.805
15.188
10.264
17.963
25.463
25.185
22.403
20.189
17.02
11.583
1.3966
-13.143
-26.061
-33.381
-35.385
-32.519
-26.212
-19.486
-13.12
-3.2837
12.6
25.419
21.656
5.8581
-3.5492
-1.4633
3.811
8.5728
11.238
9.7622
11.637
22.542
31.7
35.009
46.555
62.883
58.986
34.274
14.374
10.728
15.91
22.219
27.502
31.453
27.585
13.698
4.3711
4.9344
2.9308
-1.1622
-0.63473
-1.0615
-2.4292
-1.2545
-3.5474
-10.441
-19.878
-32.832
-38.839
-29.632
-19.853
-23.493
-33.132
-35.618
-30.124
-27.144
-32.29
-37.392
-33.685
-22.514
-8.8969
5.4995
22.633
40.92
47.244
30.936
4.4824
-12.624
-19.476
-20.877
-15.455
-9.9808
-13.291
-21.008
-27.325
-28.107
-14.464
7.1357
13.199
1.03
-6.9184
0.87451
14.778
20.938
13.353
-1.0891
-11.885
-19.866
-27.668
-28.454
-20.735
-11.261
-2.3909
-0.14306
-10.801
-19.535
-12.996
-7.6779
-16.512
-25.631
-26.457
-26.201
-26.287
-24.225
-21.487
-14.032
1.1642
11.877
12.42
20.699
41.793
54.929
58.161
65.99
69.838
61.967
55.196
45.784
23.11
7.3562
15.47
26.973
21.245
7.5003
0.77868
-1.7145
-6.4493
-6.7107
0.75291
4.4353
0.19754
-4.4211
-10.442
-22.294
-34.803
-41.515
-38.33
-22.776
-1.9718
11.282
9.6264
-5.2924
-20.351
-24.354
-25.708
-33.986
-41.927
-44.266
-44.921
-45.655
-50.307
-61.385
-66.757
-53.002
-24.482
4.2313
22.072
24.529
16.076
9.643
13.612
23.39
32.474
38.418
36.273
26.608
22.412
30.016
40.964
50.34
60.111
65.608
57.429
32.819
-0.47367
-26.641
-33.848
-26.82
-15.727
1.0866
25.036
42.831
45.308
41.966
41.916
42.797
43.307
45.155
47.416
49.086
47.048
39.988
38.942
49.521
56.74
54.615
55.917
56.557
39.074
11.319
-6.7185
-19.573
-39.746
-58.565
-64.318
-63.227
-62.87
-59.436
-49.34
-36.235
-28.318
-32.145
-42.627
-49.629
-56.44
-70.885
-85.487
-90.011
-88.128
-83.584
-71.524
-54.009
-42.409
-41.634
-46.593
-49.647
-47.094
-43.991
-46.187
-47.98
-40.78
-25.994
-9.202
5.1834
11.521
8.6252
3.819
2.6717
1.9845
-1.3051
-1.7242
7.0332
19.891
25.327
21.041
13.228
5.5184
1.6716
6.4881
15.419
19.814
19.43
19.802
28.453
45.83
55.333
47.946
40.332
39.776
30.894
13.536
6.2218
13.105
23.672
32.282
39.083
43.719
45.389
46.172
51.986
63.992
71.378
64.667
50.681
42.475
43.489
48.115
51.102
52.454
48.768
34.271
23.01
31.267
35.949
11.23
-20.045
-31.842
-37.229
-47.514
-50.258
-40.778
-31.544
-29.237
-25.048
-13.188
-5.591
-11.595
-19.527
-19.525
-20.547
-29.951
-43.391
-54.804
-52.555
-25.417
8.2379
13.929
-3.7753
-9.8684
-2.5177
-7.5259
-25.054
-39.068
-48.41
-51.779
-41.855
-25.313
-15.369
-11.775
-6.6439
2.4342
12.721
19.756
16.797
0.0036111
-21.979
-32.953
-26.902
-12.196
2.9006
16.978
26.255
25.622
18.663
9.9091
-1.9316
-12.651
-14.973
-11.493
-9.0183
-11.867
-21.302
-28.003
-19.215
2.1718
22.431
33.292
34.39
30.285
25.498
20.505
16.136
13.944
10.771
2.8554
-7.5567
-15.575
-20.338
-24.873
-28.628
-27.246
-23.1
-22.742
-24.94
-25.842
-25.432
-21.391
-13.111
-6.9916
-5.0263
-2.3703
2.1012
7.1813
12.604
15.325
13.853
11.123
8.2192
6.3936
10.77
22.428
34.477
38.522
32.584
24.763
23.138
23.998
21.896
20.481
21.315
17.379
6.4961
-1.8281
-0.3155
4.9859
7.2569
10.238
15.823
19.266
21.787
26.959
31.312
31.773
28.377
20.352
10.52
3.1951
-2.5202
-6.5131
-5.6196
-3.4958
-6.1103
-8.72
-5.4077
-3.2045
-7.6501
-9.2236
-3.0519
-0.65824
-7.1276
-13.654
-17.501
-20.204
-16.109
-6.4994
-2.6636
-5.7121
-8.3132
-9.4827
-11.528
-14.882
-18.367
-19.76
-19.831
-18.822
-12.667
-3.8617
0.64004
4.9683
12.957
12.816
-2.2319
-18.716
-25.397
-27.426
-29.994
-29.616
-25.398
-24.24
-29.556
-32.33
-25.028
-15.72
-11.742
-8.148
-2.6718
4.0061
13.324
17.132
9.9433
5.0846
9.6364
13.108
9.1494
0.34944
-4.8508
1.6492
8.2601
-2.2055
-18.589
-16.706
6.238
34.021
49.099
41.067
14.389
-9.097
-12.185
-3.5097
4.1676
12.821
17.282
10.36
6.3502
10.548
4.7676
-8.3833
-8.0682
1.9577
5.426
1.3669
-3.2673
-2.8284
1.5736
2.1585
1.1881
4.6598
1.9529
-12.023
-19.626
-12.393
-1.2861
8.8488
20.39
26.847
16.291
-4.1735
-5.1971
15.972
24.188
14.406
17.223
32.274
37.711
33.764
24.03
4.724
-12.342
-9.9859
2.7407
-0.53011
-20
-27.839
-17.729
-12.214
-19.158
-22.383
-11.257
1.9176
-0.54048
-12.886
-18.591
-16.724
-8.2269
5.7945
7.5432
-7.7823
-16.756
-13.791
-20.409
-40.497
-48.82
-28.428
-4.9178
-14.846
-40.478
-39.751
-20.687
-7.0463
7.4847
16.962
6.7946
-2.3046
5.1934
10.781
11.213
22.638
42.677
58.784
64.279
58.06
54.013
63.713
66.885
45.029
22.016
21.285
24.181
13.134
3.8572
6.3447
6.4931
-1.1492
-5.0805
-2.276
-4.2389
-16.529
-26.862
-25.742
-26.055
-35.742
-37.726
-29.22
-32.929
-49.105
-55.985
-49.565
-35.204
-18.495
-20.027
-45.996
-65.24
-58.102
-40.663
-24.788
-9.5989
-2.395
-4.6593
-3.0919
7.1823
20.943
36.237
44.024
31.278
8.1044
-2.7233
-1.0043
2.531
13.8
34.769
47.332
43.909
34.464
22.114
8.7188
-0.63586
-11.168
-20.512
-13.629
2.3546
9.7002
14.874
24.821
29.405
26.406
21.233
15.261
13.034
13.437
7.3547
0.60553
5.5377
17.678
30.049
41.524
44.604
37.277
28.131
18.015
8.8794
12.564
26.122
34.189
35.996
37.951
39.342
38.097
30.432
12.607
-9.6396
-28.383
-42.628
-48.61
-39.913
-26.962
-30.419
-47.634
-57.45
-56.207
-55.735
-60.8
-69.519
-74.812
-65.892
-43.309
-20.179
-6.704
-2.2614
-0.96678
-3.7214
-14.871
-28.701
-38.218
-45.387
-50.206
-48.054
-37.559
-21.685
-7.1795
-0.55332
-4.1951
-15.657
-24.796
-26.937
-34.211
-47.933
-49.488
-38.245
-29.735
-20.317
-2.1071
15.728
27.672
33.646
25.706
8.5606
2.1815
9.1596
19.924
37.254
62.588
86.081
100.75
103.01
90.61
69.615
49.556
35.02
26.017
22.924
31.041
50.585
64.464
57.453
41.461
37.203
41.269
39.289
35.459
34.952
23.687
-0.83459
-17.905
-19.157
-12.573
-4.1639
-2.3056
-5.1469
6.2642
27.285
25.863
-6.1665
-44.037
-62.004
-55.46
-45.566
-49.387
-52.335
-38.967
-25.736
-32.962
-42.388
-19.379
19.064
20.672
-7.8585
-14.556
0.78467
0.72671
-16.958
-31.785
-38.219
-38.368
-32.567
-23.578
-16.405
-15.572
-18.537
-15.173
-5.8961
-4.5006
-14.235
-25.164
-28.158
-16.482
3.8392
17.918
30.191
46.834
50.562
36.47
20.558
5.0461
-9.5124
-12.295
-8.4989
-10.872
-15.266
-12.635
-3.5374
4.4274
7.8989
13.921
22.532
23.906
20.436
15.311
0.68196
-14.876
-17.737
-20.257
-25.668
-12.418
13.728
22
9.0144
-8.3029
-21.679
-25.72
-20.548
-17.824
-20.799
-22.499
-25.183
-31.339
-33.279
-29.965
-24.77
-10.879
10.9
23.18
21.123
21.129
34.556
56.365
75.616
83.564
77.971
65.782
57.817
57.219
53.93
36.658
11.24
-6.3808
-14.446
-19.209
-13.87
5.8097
22.838
19.882
-2.2984
-32.81
-57.77
-64.817
-52.786
-35.372
-29.833
-36.462
-37.969
-29.224
-24.735
-24.652
-14.27
-4.5946
-17.396
-40.954
-58.38
-77.118
-91.333
-83.096
-64.787
-56.876
-53.988
-46.181
-34.242
-20.554
-5.9695
10.136
25.583
34.648
36.913
33.846
24.139
15.291
21.491
42.135
58.129
55.734
45.15
42.348
42.079
32.778
21.44
18.378
21.837
29.002
37.453
45.556
59.55
74.988
72.903
57.541
51.899
56.637
62.415
71.107
75.187
62.422
41.493
25.76
11.667
-6.6705
-22.733
-28.089
-25.716
-21.705
-12.865
1.1093
7.1407
-3.2858
-21.719
-35.153
-40.406
-46.99
-59.743
-59.574
-30.388
4.2137
13.201
2.6329
-9.2884
-20.378
-28.979
-34.94
-48.265
-67.62
-78.572
-79.352
-80.949
-88.963
-93.714
-79.444
-53.382
-42.471
-49.97
-51.952
-35.518
-10.982
5.4565
9.9006
11.04
13.55
15.668
18.555
23.085
27.206
28.803
26.307
21.688
16.946
11.329
9.0232
11.004
7.4638
-1.5872
-5.9281
-8.125
-13.686
-17.027
-16.711
-16.726
-14.285
-8.2267
-4.6805
-5.2491
-5.5525
-4.9629
-6.2474
-8.7461
-7.659
1.6378
17.662
31.502
37.407
39.591
42.262
45.665
50.681
51.135
39.56
29.446
35.246
40.502
30.249
20.627
21.941
24.094
27.159
34.162
34.672
29.394
31.031
35.315
31.308
21.908
9.7322
-8.6359
-28.921
-42.981
-49.04
-48.976
-45.713
-40.308
-29.58
-15.895
-8.0514
-5.89
-4.5225
-7.5377
-15.087
-19.217
-20.344
-22.698
-22.082
-16.384
-8.4599
2.8273
16.433
26.548
32.784
38.624
45.548
53.972
58.773
52.99
44.28
46.068
53.236
52.289
43.369
33.412
26.173
23.498
21.953
15.938
5.9146
-6.3196
-20.636
-33.288
-39.253
-37.926
-35.34
-40.211
-50.919
-56.376
-54.837
-54.044
-55.571
-55.251
-52
-47.497
-41.216
-31.961
-23.684
-18.458
-10.717
-3.2941
-5.8055
-10.972
-7.5302
-2.2595
-0.13364
4.7058
9.2144
5.8555
-3.1831
-11.987
-15.429
-10.733
-2.7477
1.9955
3.0701
2.2819
0.12378
-3.5807
-8.4794
-12.042
-13.107
-14.081
-15.147
-15.93
-20.086
-26.248
-27.152
-23.495
-20.02
-14.337
-6.8029
-4.3385
-5.2262
-2.7988
-2.8765
-11.961
-18.771
-13.718
-7.1985
-7.2637
-7.9284
-8.187
-9.8804
-6.2088
3.6858
13.1
24.518
40.561
51.764
50.588
41.505
33.14
28.061
22.811
17.769
15.288
12.348
10.575
16.008
24.795
32.418
39.907
40.179
30.061
23.385
25.055
23.84
18.825
15.724
9.4716
-0.081894
-1.9752
2.0709
0.93321
-0.75704
6.8408
16.442
16.627
10.249
5.6469
4.4177
5.0612
7.2575
8.4482
5.3334
0.97423
3.3585
14.593
24.856
24.44
19.591
19.2
16.711
10.012
10.545
14.956
12.239
10.533
12.105
2.7051
-9.587
-4.0297
9.8583
11.48
2.8236
-7.8358
-21.993
-36.993
-39.725
-23.89
-4.7185
-4.2092
-21.388
-30.803
-16.417
3.9883
2.8099
-15.319
-21.255
-8.3825
0.20948
-8.0836
-17.44
-11.718
-0.98427
-5.0471
-19.276
-23.063
-18.055
-21.876
-33.167
-40.22
-43.38
-43.54
-36.646
-24.317
-9.6211
2.6519
0.10079
-18.175
-32.047
-30.925
-27.04
-26.714
-22.324
-15.136
-12.488
-11.515
-8.6656
-4.9895
3.199
17.229
28.943
30.996
24.923
21.209
26.965
31.135
22.495
12.198
11.426
11.284
5.9489
3.3681
4.6326
4.322
6.1912
13.787
18.895
14.041
2.2639
-11.899
-26.81
-33.738
-23.924
-11.123
-12.608
-16.449
-9.6593
-3.1369
-0.60422
2.6774
-2.6639
-16.515
-22.509
-22.031
-27.195
-32.668
-28.067
-14.622
2.6031
17.287
19.195
10.698
14.886
39.597
56.378
46.542
28.815
18.335
9.8525
5.2543
9.354
15.574
20.719
24.296
21.206
18.202
24.343
29.169
27.51
29.017
25.721
4.3693
-20.622
-28.429
-14.843
13.639
37.394
38.212
28.319
28.924
34.406
33.797
34.679
36.208
20.447
-7.4105
-15.284
4.2249
21.356
16.142
0.90979
-6.7639
-3.2919
8.1521
17.665
7.5144
-23.226
-48.747
-53.231
-48.836
-44.338
-33.179
-14.331
5.1995
18.216
19.145
14.862
14.928
4.0632
-31.149
-64.429
-72.588
-73.209
-80.567
-81.038
-63.98
-34.451
-7.377
1.9043
-1.5537
0.97133
12.156
21.651
26.306
28.601
27.644
20.464
6.0722
-14.606
-35.283
-42.237
